Date,Symbol,Open,High,Low,Close,Close_Adj
2017-09-28,hk00402,0.117,0.121,0.108,0.11,0.114
2017-09-27,hk00402,0.123,0.139,0.113,0.114,0.124
2017-09-26,hk00402,0.083,0.125,0.083,0.124,0.086
2017-09-25,hk00402,0.086,0.088,0.079,0.086,0.087
2017-09-22,hk00402,0.1,0.1,0.084,0.087,0.102
2017-09-21,hk00402,0.101,0.115,0.097,0.102,0.101
2017-09-20,hk00402,0.08,0.11,0.078,0.101,0.08
2017-09-19,hk00402,0.057,0.082,0.057,0.08,0.056
2017-09-18,hk00402,0.058,0.059,0.056,0.056,0.058
2017-09-15,hk00402,0.059,0.06,0.057,0.058,0.059
2017-09-14,hk00402,0.059,0.06,0.057,0.059,0.058
2017-09-13,hk00402,0.057,0.06,0.055,0.058,0.058
2017-09-12,hk00402,0.059,0.06,0.058,0.058,0.06
2017-09-11,hk00402,0.061,0.061,0.058,0.06,0.06
2017-09-08,hk00402,0.059,0.06,0.059,0.06,0.059
2017-09-07,hk00402,0.062,0.062,0.059,0.059,0.063
2017-09-06,hk00402,0.06,0.064,0.059,0.063,0.06
2017-09-05,hk00402,0.06,0.064,0.06,0.06,0.059
2017-09-04,hk00402,0.064,0.064,0.058,0.059,0.064
2017-09-01,hk00402,0.066,0.066,0.064,0.064,0.066
2017-08-31,hk00402,0.066,0.069,0.064,0.066,0.067
2017-08-30,hk00402,0.069,0.07,0.063,0.067,0.069
2017-08-29,hk00402,0.07,0.071,0.068,0.069,0.07
2017-08-28,hk00402,0.069,0.071,0.069,0.07,0.07
2017-08-25,hk00402,0.071,0.071,0.069,0.07,0.071
2017-08-24,hk00402,0.074,0.074,0.069,0.071,0.074
2017-08-22,hk00402,0.074,0.075,0.073,0.074,0.075
2017-08-21,hk00402,0.073,0.075,0.073,0.075,0.073
2017-08-18,hk00402,0.073,0.073,0.072,0.073,0.073
2017-08-17,hk00402,0.073,0.073,0.072,0.073,0.074
2017-08-16,hk00402,0.074,0.074,0.073,0.074,0.076
2017-08-15,hk00402,0.072,0.077,0.072,0.076,0.075
2017-08-14,hk00402,0.075,0.075,0.072,0.075,0.075
2017-08-11,hk00402,0.076,0.079,0.073,0.075,0.078
2017-08-10,hk00402,0.084,0.086,0.074,0.078,0.082
2017-08-09,hk00402,0.075,0.084,0.075,0.082,0.073
2017-08-08,hk00402,0.073,0.074,0.072,0.073,0.074
2017-08-07,hk00402,0.072,0.075,0.071,0.074,0.073
2017-08-04,hk00402,0.071,0.076,0.071,0.073,0.07
2017-08-03,hk00402,0.07,0.072,0.069,0.07,0.07
2017-08-02,hk00402,0.073,0.073,0.07,0.07,0.072
2017-08-01,hk00402,0.072,0.074,0.072,0.072,0.074
2017-07-31,hk00402,0.074,0.076,0.072,0.074,0.072
2017-07-28,hk00402,0.072,0.072,0.071,0.072,0.072
2017-07-27,hk00402,0.071,0.077,0.07,0.072,0.072
2017-07-26,hk00402,0.073,0.073,0.072,0.072,0.071
2017-07-25,hk00402,0.072,0.077,0.07,0.071,0.071
2017-07-24,hk00402,0.071,0.071,0.07,0.071,0.071
2017-07-21,hk00402,0.07,0.072,0.07,0.071,0.071
2017-07-20,hk00402,0.073,0.074,0.069,0.071,0.074
2017-07-19,hk00402,0.072,0.076,0.071,0.074,0.073
2017-07-18,hk00402,0.076,0.076,0.071,0.073,0.075
2017-07-17,hk00402,0.076,0.076,0.074,0.075,0.078
2017-07-14,hk00402,0.078,0.078,0.077,0.078,0.077
2017-07-13,hk00402,0.079,0.08,0.077,0.077,0.078
2017-07-12,hk00402,0.08,0.08,0.077,0.078,0.078
2017-07-11,hk00402,0.081,0.081,0.077,0.078,0.08
2017-07-10,hk00402,0.081,0.081,0.078,0.08,0.083
2017-07-07,hk00402,0.08,0.084,0.08,0.083,0.082
2017-07-06,hk00402,0.081,0.084,0.08,0.082,0.081
2017-07-05,hk00402,0.083,0.084,0.079,0.081,0.083
2017-07-04,hk00402,0.078,0.083,0.076,0.083,0.08
2017-07-03,hk00402,0.08,0.082,0.078,0.08,0.081
2017-06-30,hk00402,0.077,0.087,0.076,0.081,0.08
2017-06-29,hk00402,0.078,0.083,0.078,0.08,0.08
2017-06-28,hk00402,0.085,0.085,0.077,0.08,0.083
2017-06-27,hk00402,0.09,0.09,0.08,0.083,0.09
2017-06-26,hk00402,0.092,0.092,0.089,0.09,0.092
2017-06-23,hk00402,0.092,0.097,0.092,0.092,0.092
2017-06-22,hk00402,0.1,0.102,0.09,0.092,0.098
2017-06-21,hk00402,0.091,0.111,0.089,0.098,0.091
2017-06-20,hk00402,0.081,0.092,0.079,0.091,0.082
2017-06-19,hk00402,0.077,0.083,0.074,0.082,0.08
2017-06-16,hk00402,0.083,0.086,0.075,0.08,0.081
2017-06-15,hk00402,0.072,0.083,0.069,0.081,0.073
2017-06-14,hk00402,0.069,0.075,0.068,0.073,0.071
2017-06-13,hk00402,0.068,0.075,0.068,0.071,0.068
2017-06-12,hk00402,0.068,0.07,0.067,0.068,0.069
2017-06-09,hk00402,0.07,0.07,0.068,0.069,0.068
2017-06-08,hk00402,0.069,0.07,0.067,0.068,0.069
2017-06-07,hk00402,0.071,0.071,0.067,0.069,0.071
2017-06-06,hk00402,0.07,0.073,0.07,0.071,0.072
2017-06-05,hk00402,0.072,0.072,0.065,0.072,0.076
2017-06-02,hk00402,0.074,0.078,0.074,0.076,0.076
2017-06-01,hk00402,0.08,0.08,0.072,0.076,0.08
2017-05-31,hk00402,0.082,0.084,0.078,0.08,0.082
2017-05-29,hk00402,0.08,0.084,0.08,0.082,0.083
2017-05-26,hk00402,0.08,0.084,0.08,0.083,0.082
2017-05-25,hk00402,0.09,0.092,0.081,0.082,0.088
2017-05-24,hk00402,0.073,0.097,0.073,0.088,0.072
2017-05-23,hk00402,0.072,0.074,0.07,0.072,0.07
2017-05-22,hk00402,0.067,0.072,0.066,0.07,0.068
2017-05-19,hk00402,0.068,0.069,0.065,0.068,0.069
2017-05-18,hk00402,0.07,0.07,0.065,0.069,0.072
2017-05-17,hk00402,0.077,0.077,0.07,0.072,0.074
2017-05-16,hk00402,0.073,0.074,0.07,0.074,0.072
2017-05-15,hk00402,0.077,0.078,0.071,0.072,0.077
2017-05-12,hk00402,0.088,0.089,0.077,0.077,0.089
2017-05-11,hk00402,0.09,0.09,0.086,0.089,0.09
2017-05-10,hk00402,0.091,0.093,0.089,0.09,0.092
2017-05-09,hk00402,0.094,0.094,0.091,0.092,0.093
2017-05-08,hk00402,0.092,0.094,0.09,0.093,0.092
2017-05-05,hk00402,0.094,0.094,0.09,0.092,0.092
2017-05-04,hk00402,0.091,0.094,0.091,0.092,0.092
2017-05-02,hk00402,0.092,0.095,0.092,0.092,0.093
2017-04-28,hk00402,0.093,0.096,0.092,0.093,0.095
2017-04-27,hk00402,0.092,0.096,0.09,0.095,0.092
2017-04-26,hk00402,0.092,0.093,0.09,0.092,0.092
2017-04-25,hk00402,0.094,0.096,0.09,0.092,0.095
2017-04-24,hk00402,0.095,0.096,0.094,0.095,0.094
2017-04-21,hk00402,0.096,0.098,0.091,0.094,0.096
2017-04-20,hk00402,0.1,0.1,0.096,0.096,0.101
2017-04-19,hk00402,0.1,0.101,0.098,0.101,0.1
2017-04-18,hk00402,0.094,0.101,0.093,0.1,0.094
2017-04-13,hk00402,0.096,0.098,0.092,0.094,0.097
2017-04-12,hk00402,0.098,0.098,0.092,0.097,0.098
2017-04-11,hk00402,0.107,0.108,0.093,0.098,0.108
2017-04-10,hk00402,0.107,0.109,0.107,0.108,0.108
2017-04-07,hk00402,0.107,0.11,0.105,0.108,0.109
2017-04-06,hk00402,0.111,0.113,0.107,0.109,0.11
2017-04-05,hk00402,0.111,0.112,0.109,0.11,0.112
2017-04-03,hk00402,0.111,0.112,0.11,0.112,0.112
2017-03-31,hk00402,0.11,0.112,0.109,0.112,0.111
2017-03-30,hk00402,0.111,0.113,0.11,0.111,0.111
2017-03-29,hk00402,0.112,0.115,0.111,0.111,0.112
2017-03-28,hk00402,0.114,0.114,0.111,0.112,0.114
2017-03-27,hk00402,0.117,0.117,0.112,0.114,0.115
2017-03-24,hk00402,0.115,0.118,0.11,0.115,0.116
2017-03-23,hk00402,0.117,0.118,0.116,0.116,0.117
2017-03-22,hk00402,0.117,0.118,0.116,0.117,0.119
2017-03-21,hk00402,0.118,0.12,0.118,0.119,0.119
2017-03-20,hk00402,0.119,0.12,0.118,0.119,0.122
2017-03-17,hk00402,0.12,0.122,0.115,0.122,0.118
2017-03-16,hk00402,0.115,0.12,0.115,0.118,0.115
2017-03-15,hk00402,0.118,0.118,0.115,0.115,0.118
2017-03-14,hk00402,0.12,0.121,0.116,0.118,0.12
2017-03-13,hk00402,0.12,0.122,0.12,0.12,0.122
2017-03-10,hk00402,0.122,0.125,0.121,0.122,0.125
2017-03-09,hk00402,0.123,0.125,0.121,0.125,0.126
2017-03-08,hk00402,0.123,0.126,0.123,0.126,0.126
2017-03-07,hk00402,0.124,0.126,0.124,0.126,0.124
2017-03-06,hk00402,0.126,0.126,0.123,0.124,0.126
2017-03-03,hk00402,0.123,0.126,0.121,0.126,0.123
2017-03-02,hk00402,0.124,0.127,0.122,0.123,0.122
2017-03-01,hk00402,0.122,0.124,0.12,0.122,0.123
2017-02-28,hk00402,0.122,0.126,0.122,0.123,0.126
2017-02-27,hk00402,0.125,0.126,0.12,0.126,0.126
2017-02-24,hk00402,0.123,0.127,0.122,0.126,0.125
2017-02-23,hk00402,0.123,0.127,0.123,0.125,0.127
2017-02-22,hk00402,0.128,0.129,0.122,0.127,0.129
2017-02-21,hk00402,0.126,0.131,0.126,0.129,0.126
2017-02-20,hk00402,0.13,0.13,0.123,0.126,0.128
2017-02-17,hk00402,0.125,0.128,0.125,0.128,0.127
2017-02-16,hk00402,0.125,0.13,0.125,0.127,0.127
2017-02-15,hk00402,0.13,0.13,0.126,0.127,0.131
2017-02-14,hk00402,0.13,0.131,0.127,0.131,0.131
2017-02-13,hk00402,0.129,0.135,0.125,0.131,0.125
2017-02-10,hk00402,0.123,0.127,0.12,0.125,0.121
2017-02-09,hk00402,0.124,0.124,0.121,0.121,0.124
2017-02-08,hk00402,0.123,0.131,0.118,0.124,0.127
2017-02-07,hk00402,0.129,0.13,0.126,0.127,0.13
2017-02-06,hk00402,0.131,0.133,0.127,0.13,0.13
2017-02-03,hk00402,0.129,0.133,0.128,0.13,0.13
2017-02-02,hk00402,0.135,0.135,0.127,0.13,0.13
2017-02-01,hk00402,0.128,0.132,0.126,0.13,0.131
2017-01-27,hk00402,0.0,0.0,0.0,0.131,0.131
2017-01-26,hk00402,0.13,0.133,0.13,0.131,0.13
2017-01-25,hk00402,0.127,0.13,0.127,0.13,0.13
2017-01-23,hk00402,0.13,0.13,0.122,0.124,0.13
2017-01-20,hk00402,0.126,0.13,0.125,0.13,0.125
2017-01-19,hk00402,0.125,0.129,0.123,0.125,0.13
2017-01-17,hk00402,0.13,0.13,0.129,0.13,0.13
2017-01-16,hk00402,0.13,0.132,0.125,0.13,0.126
2017-01-13,hk00402,0.132,0.132,0.126,0.126,0.131
2017-01-12,hk00402,0.135,0.14,0.129,0.131,0.13
2017-01-11,hk00402,0.128,0.13,0.123,0.13,0.122
2017-01-10,hk00402,0.127,0.129,0.122,0.122,0.13
2017-01-09,hk00402,0.131,0.131,0.125,0.13,0.13
2017-01-06,hk00402,0.128,0.133,0.128,0.13,0.125
2017-01-05,hk00402,0.127,0.127,0.118,0.125,0.125
2017-01-04,hk00402,0.116,0.126,0.105,0.125,0.119
2017-01-03,hk00402,0.115,0.119,0.115,0.119,0.115
2016-12-30,hk00402,0.11,0.121,0.108,0.115,0.11
2016-12-29,hk00402,0.145,0.148,0.109,0.11,0.147
2016-12-28,hk00402,0.15,0.157,0.145,0.147,0.15
2016-12-23,hk00402,0.15,0.154,0.148,0.15,0.154
2016-12-22,hk00402,0.152,0.154,0.15,0.154,0.15
2016-12-21,hk00402,0.151,0.154,0.149,0.15,0.153
2016-12-20,hk00402,0.153,0.154,0.151,0.153,0.154
2016-12-19,hk00402,0.154,0.156,0.15,0.154,0.153
2016-12-16,hk00402,0.155,0.16,0.15,0.153,0.158
2016-12-15,hk00402,0.154,0.162,0.154,0.158,0.16
2016-12-14,hk00402,0.159,0.163,0.158,0.16,0.16
2016-12-13,hk00402,0.154,0.163,0.154,0.16,0.155
2016-12-12,hk00402,0.163,0.163,0.155,0.155,0.163
2016-12-09,hk00402,0.164,0.166,0.155,0.163,0.164
2016-12-08,hk00402,0.166,0.167,0.164,0.164,0.165
2016-12-07,hk00402,0.164,0.166,0.162,0.165,0.163
2016-12-06,hk00402,0.162,0.167,0.162,0.163,0.165
2016-12-05,hk00402,0.166,0.168,0.161,0.165,0.165
2016-12-02,hk00402,0.17,0.17,0.165,0.165,0.165
2016-12-01,hk00402,0.161,0.167,0.161,0.165,0.161
2016-11-30,hk00402,0.168,0.17,0.16,0.161,0.168
2016-11-29,hk00402,0.17,0.173,0.162,0.168,0.17
2016-11-28,hk00402,0.176,0.179,0.168,0.17,0.175
2016-11-25,hk00402,0.179,0.179,0.175,0.175,0.179
2016-11-24,hk00402,0.187,0.187,0.176,0.179,0.187
2016-11-18,hk00402,0.198,0.203,0.195,0.198,0.202
2016-11-17,hk00402,0.201,0.202,0.198,0.202,0.203
2016-11-16,hk00402,0.209,0.209,0.202,0.203,0.206
2016-11-15,hk00402,0.195,0.207,0.195,0.206,0.195
2016-11-14,hk00402,0.198,0.202,0.19,0.195,0.197
2016-11-11,hk00402,0.208,0.208,0.197,0.197,0.208
2016-11-10,hk00402,0.205,0.215,0.204,0.208,0.203
2016-11-09,hk00402,0.204,0.206,0.19,0.203,0.204
2016-11-08,hk00402,0.203,0.212,0.202,0.204,0.202
2016-11-07,hk00402,0.19,0.205,0.189,0.202,0.193
2016-11-04,hk00402,0.197,0.198,0.189,0.193,0.195
2016-11-03,hk00402,0.181,0.196,0.181,0.195,0.18
2016-11-02,hk00402,0.184,0.187,0.18,0.18,0.188
2016-11-01,hk00402,0.182,0.188,0.182,0.188,0.184
2016-10-31,hk00402,0.189,0.189,0.182,0.184,0.187
2016-10-28,hk00402,0.19,0.191,0.186,0.187,0.191
2016-10-27,hk00402,0.191,0.193,0.187,0.191,0.19
2016-10-26,hk00402,0.195,0.199,0.188,0.19,0.199
2016-10-25,hk00402,0.183,0.207,0.181,0.199,0.18
2016-10-24,hk00402,0.169,0.183,0.169,0.18,0.169
2016-10-20,hk00402,0.167,0.17,0.165,0.169,0.169
2016-10-19,hk00402,0.165,0.172,0.165,0.169,0.164
2016-10-18,hk00402,0.165,0.167,0.163,0.164,0.163
2016-10-17,hk00402,0.168,0.173,0.16,0.163,0.17
2016-10-14,hk00402,0.173,0.174,0.168,0.17,0.171
2016-10-12,hk00402,0.168,0.18,0.166,0.172,0.169
2016-10-11,hk00402,0.172,0.174,0.168,0.169,0.17
2016-10-07,hk00402,0.173,0.173,0.168,0.17,0.171
2016-10-06,hk00402,0.158,0.174,0.157,0.171,0.157
2016-10-05,hk00402,0.155,0.157,0.152,0.157,0.157
2016-10-04,hk00402,0.156,0.158,0.154,0.157,0.156
2016-10-03,hk00402,0.157,0.16,0.154,0.156,0.156
2016-09-30,hk00402,0.166,0.169,0.154,0.156,0.166
2016-09-29,hk00402,0.167,0.17,0.166,0.166,0.169
2016-09-28,hk00402,0.17,0.17,0.166,0.169,0.17
2016-09-27,hk00402,0.174,0.174,0.16,0.17,0.174
2016-09-26,hk00402,0.168,0.178,0.167,0.174,0.169
2016-09-23,hk00402,0.155,0.175,0.153,0.169,0.153
2016-09-22,hk00402,0.153,0.156,0.15,0.153,0.153
2016-09-21,hk00402,0.155,0.155,0.152,0.153,0.155
2016-09-20,hk00402,0.162,0.163,0.155,0.155,0.163
2016-09-19,hk00402,0.165,0.166,0.16,0.163,0.162
2016-09-15,hk00402,0.162,0.167,0.16,0.162,0.162
2016-09-14,hk00402,0.161,0.163,0.16,0.162,0.164
2016-09-13,hk00402,0.164,0.17,0.162,0.164,0.162
2016-09-12,hk00402,0.161,0.164,0.157,0.162,0.161
2016-09-09,hk00402,0.174,0.174,0.161,0.161,0.173
2016-09-08,hk00402,0.176,0.176,0.167,0.173,0.17
2016-09-07,hk00402,0.171,0.181,0.17,0.17,0.169
2016-09-06,hk00402,0.144,0.173,0.144,0.169,0.144
2016-09-05,hk00402,0.144,0.146,0.143,0.144,0.143
2016-09-02,hk00402,0.142,0.145,0.142,0.143,0.144
2016-09-01,hk00402,0.146,0.146,0.144,0.144,0.146
2016-08-31,hk00402,0.146,0.149,0.145,0.146,0.15
2016-08-30,hk00402,0.156,0.156,0.149,0.15,0.154
2016-08-29,hk00402,0.15,0.156,0.149,0.154,0.149
2016-08-26,hk00402,0.145,0.15,0.144,0.149,0.15
2016-08-25,hk00402,0.15,0.152,0.146,0.15,0.152
2016-08-24,hk00402,0.154,0.154,0.15,0.152,0.155
2016-08-23,hk00402,0.158,0.158,0.152,0.155,0.158
2016-08-22,hk00402,0.155,0.159,0.154,0.158,0.155
2016-08-19,hk00402,0.16,0.162,0.155,0.155,0.163
2016-08-18,hk00402,0.163,0.164,0.16,0.163,0.163
2016-08-17,hk00402,0.158,0.166,0.157,0.163,0.158
2016-08-16,hk00402,0.162,0.162,0.152,0.158,0.162
2016-08-15,hk00402,0.174,0.176,0.16,0.162,0.174
2016-08-12,hk00402,0.177,0.177,0.17,0.174,0.176
2016-08-11,hk00402,0.178,0.179,0.175,0.176,0.179
2016-08-10,hk00402,0.179,0.179,0.175,0.179,0.178
2016-08-09,hk00402,0.18,0.18,0.175,0.178,0.18
2016-08-08,hk00402,0.181,0.181,0.176,0.18,0.18
2016-08-05,hk00402,0.181,0.181,0.175,0.18,0.176
2016-08-04,hk00402,0.174,0.183,0.174,0.176,0.174
2016-08-03,hk00402,0.184,0.185,0.173,0.174,0.182
2016-08-01,hk00402,0.186,0.186,0.182,0.182,0.185
2016-07-29,hk00402,0.188,0.189,0.18,0.185,0.188
2016-07-28,hk00402,0.189,0.193,0.188,0.188,0.189
2016-07-27,hk00402,0.191,0.191,0.186,0.189,0.191
2016-07-26,hk00402,0.19,0.192,0.19,0.191,0.191
2016-07-25,hk00402,0.194,0.194,0.191,0.191,0.193
2016-07-22,hk00402,0.193,0.194,0.19,0.193,0.193
2016-07-21,hk00402,0.191,0.194,0.19,0.193,0.192
2016-07-20,hk00402,0.191,0.194,0.19,0.192,0.192
2016-07-19,hk00402,0.197,0.197,0.19,0.192,0.192
2016-07-18,hk00402,0.195,0.196,0.191,0.192,0.196
2016-07-15,hk00402,0.198,0.198,0.192,0.196,0.196
2016-07-14,hk00402,0.195,0.197,0.195,0.196,0.194
2016-07-13,hk00402,0.193,0.195,0.193,0.194,0.191
2016-07-12,hk00402,0.191,0.194,0.191,0.191,0.191
2016-07-11,hk00402,0.198,0.198,0.19,0.191,0.194
2016-07-08,hk00402,0.193,0.198,0.192,0.194,0.196
2016-07-07,hk00402,0.197,0.198,0.195,0.196,0.196
2016-07-06,hk00402,0.197,0.197,0.19,0.196,0.199
2016-07-05,hk00402,0.198,0.199,0.196,0.199,0.198
2016-07-04,hk00402,0.194,0.2,0.194,0.198,0.194
2016-06-30,hk00402,0.198,0.199,0.193,0.194,0.195
2016-06-29,hk00402,0.197,0.2,0.194,0.195,0.197
2016-06-28,hk00402,0.199,0.199,0.195,0.197,0.194
2016-06-27,hk00402,0.192,0.195,0.192,0.194,0.194
2016-06-24,hk00402,0.196,0.196,0.188,0.194,0.199
2016-06-23,hk00402,0.2,0.202,0.198,0.199,0.2
2016-06-22,hk00402,0.195,0.204,0.195,0.2,0.2
2016-06-21,hk00402,0.2,0.201,0.198,0.2,0.2
2016-06-20,hk00402,0.197,0.202,0.197,0.2,0.201
2016-06-17,hk00402,0.201,0.203,0.197,0.201,0.199
2016-06-16,hk00402,0.198,0.204,0.196,0.199,0.198
2016-06-15,hk00402,0.195,0.204,0.192,0.198,0.199
2016-06-14,hk00402,0.198,0.202,0.197,0.199,0.198
2016-06-13,hk00402,0.192,0.202,0.192,0.198,0.197
2016-06-10,hk00402,0.199,0.2,0.195,0.197,0.202
2016-06-08,hk00402,0.205,0.206,0.201,0.202,0.206
2016-06-07,hk00402,0.2,0.209,0.2,0.206,0.203
2016-06-06,hk00402,0.198,0.204,0.198,0.203,0.204
2016-06-03,hk00402,0.204,0.205,0.2,0.204,0.206
2016-06-02,hk00402,0.196,0.209,0.195,0.206,0.195
2016-06-01,hk00402,0.195,0.197,0.193,0.195,0.196
2016-05-31,hk00402,0.194,0.2,0.19,0.196,0.192
2016-05-30,hk00402,0.191,0.196,0.19,0.192,0.191
2016-05-27,hk00402,0.199,0.199,0.19,0.191,0.195
2016-05-26,hk00402,0.199,0.2,0.192,0.195,0.197
2016-05-25,hk00402,0.195,0.202,0.195,0.197,0.196
2016-05-24,hk00402,0.202,0.202,0.195,0.196,0.196
2016-05-23,hk00402,0.199,0.199,0.196,0.196,0.197
2016-05-20,hk00402,0.203,0.203,0.197,0.197,0.198
2016-05-19,hk00402,0.191,0.2,0.191,0.198,0.193
2016-05-18,hk00402,0.196,0.198,0.193,0.193,0.2
2016-05-17,hk00402,0.195,0.2,0.195,0.2,0.195
2016-05-16,hk00402,0.194,0.197,0.192,0.195,0.194
2016-05-13,hk00402,0.196,0.196,0.193,0.194,0.198
2016-05-12,hk00402,0.199,0.202,0.198,0.198,0.202
2016-05-11,hk00402,0.2,0.204,0.197,0.202,0.201
2016-05-10,hk00402,0.202,0.204,0.199,0.201,0.203
2016-05-09,hk00402,0.208,0.208,0.202,0.203,0.208
2016-05-06,hk00402,0.213,0.213,0.207,0.208,0.212
2016-05-05,hk00402,0.211,0.214,0.21,0.212,0.215
2016-05-04,hk00402,0.214,0.218,0.21,0.215,0.218
2016-05-03,hk00402,0.224,0.224,0.216,0.218,0.221
2016-04-29,hk00402,0.222,0.222,0.218,0.221,0.222
2016-04-28,hk00402,0.219,0.222,0.211,0.222,0.221
2016-04-27,hk00402,0.225,0.225,0.217,0.221,0.225
2016-04-26,hk00402,0.231,0.231,0.22,0.225,0.225
2016-04-25,hk00402,0.215,0.225,0.215,0.225,0.213
2016-04-22,hk00402,0.212,0.214,0.211,0.213,0.215
2016-04-21,hk00402,0.21,0.217,0.207,0.215,0.211
2016-04-20,hk00402,0.213,0.216,0.209,0.211,0.213
2016-04-19,hk00402,0.214,0.214,0.207,0.213,0.211
2016-04-18,hk00402,0.211,0.213,0.21,0.211,0.214
2016-04-15,hk00402,0.218,0.218,0.21,0.214,0.215
2016-04-14,hk00402,0.217,0.221,0.213,0.215,0.216
2016-04-13,hk00402,0.21,0.216,0.209,0.216,0.211
2016-04-12,hk00402,0.223,0.223,0.205,0.211,0.224
2016-04-11,hk00402,0.227,0.229,0.223,0.224,0.227
2016-04-08,hk00402,0.222,0.228,0.221,0.227,0.228
2016-04-07,hk00402,0.225,0.233,0.22,0.228,0.225
2016-04-06,hk00402,0.228,0.228,0.221,0.225,0.227
2016-04-05,hk00402,0.224,0.233,0.22,0.227,0.224
2016-04-01,hk00402,0.222,0.225,0.22,0.224,0.223
2016-03-31,hk00402,0.226,0.23,0.222,0.223,0.226
2016-03-30,hk00402,0.227,0.228,0.221,0.226,0.222
2016-03-29,hk00402,0.226,0.23,0.222,0.222,0.225
2016-03-24,hk00402,0.231,0.237,0.224,0.225,0.237
2016-03-23,hk00402,0.235,0.241,0.221,0.237,0.234
2016-03-22,hk00402,0.202,0.235,0.2,0.234,0.202
2016-03-21,hk00402,0.207,0.207,0.198,0.202,0.206
2016-03-18,hk00402,0.216,0.217,0.198,0.206,0.213
2016-03-17,hk00402,0.214,0.217,0.212,0.213,0.213
2016-03-16,hk00402,0.202,0.226,0.2,0.213,0.21
2016-03-15,hk00402,0.229,0.234,0.2,0.21,0.234
2016-03-14,hk00402,0.255,0.255,0.231,0.234,0.265
2016-03-11,hk00402,0.26,0.265,0.255,0.265,0.26
2016-03-10,hk00402,0.27,0.27,0.26,0.26,0.26
2016-03-09,hk00402,0.26,0.265,0.255,0.26,0.265
2016-03-08,hk00402,0.26,0.265,0.255,0.265,0.265
2016-03-07,hk00402,0.27,0.27,0.26,0.265,0.27
2016-03-04,hk00402,0.275,0.275,0.265,0.27,0.275
2016-03-03,hk00402,0.28,0.28,0.27,0.275,0.28
2016-03-02,hk00402,0.275,0.28,0.27,0.28,0.27
2016-03-01,hk00402,0.275,0.275,0.265,0.27,0.275
2016-02-29,hk00402,0.28,0.28,0.26,0.275,0.28
2016-02-26,hk00402,0.285,0.285,0.275,0.28,0.28
2016-02-25,hk00402,0.285,0.285,0.275,0.28,0.285
2016-02-24,hk00402,0.295,0.295,0.285,0.285,0.295
2016-02-23,hk00402,0.295,0.295,0.285,0.295,0.295
2016-02-22,hk00402,0.285,0.3,0.28,0.295,0.28
2016-02-19,hk00402,0.275,0.285,0.275,0.28,0.28
2016-02-18,hk00402,0.29,0.29,0.28,0.28,0.28
2016-02-17,hk00402,0.28,0.28,0.28,0.28,0.28
2016-02-16,hk00402,0.275,0.285,0.275,0.28,0.265
2016-02-12,hk00402,0.265,0.27,0.265,0.265,0.265
2016-02-11,hk00402,0.275,0.275,0.236,0.265,0.275
2016-02-05,hk00402,0.275,0.285,0.275,0.275,0.275
2016-02-04,hk00402,0.275,0.285,0.27,0.275,0.275
2016-02-03,hk00402,0.265,0.275,0.265,0.275,0.275
2016-02-02,hk00402,0.265,0.28,0.265,0.275,0.27
2016-02-01,hk00402,0.275,0.275,0.265,0.27,0.275
2016-01-29,hk00402,0.26,0.28,0.26,0.275,0.26
2016-01-28,hk00402,0.26,0.27,0.25,0.26,0.265
2016-01-27,hk00402,0.265,0.265,0.255,0.265,0.26
2016-01-26,hk00402,0.27,0.27,0.25,0.26,0.27
2016-01-25,hk00402,0.285,0.285,0.27,0.27,0.275
2016-01-22,hk00402,0.27,0.28,0.265,0.275,0.26
2016-01-21,hk00402,0.275,0.285,0.26,0.26,0.275
2016-01-20,hk00402,0.285,0.285,0.275,0.275,0.295
2016-01-19,hk00402,0.28,0.295,0.28,0.295,0.28
2016-01-18,hk00402,0.285,0.285,0.27,0.28,0.29
2016-01-15,hk00402,0.3,0.305,0.285,0.29,0.3
2016-01-14,hk00402,0.285,0.3,0.28,0.3,0.295
2016-01-13,hk00402,0.3,0.31,0.29,0.295,0.295
2016-01-12,hk00402,0.29,0.305,0.29,0.295,0.295
2016-01-11,hk00402,0.28,0.295,0.275,0.295,0.295
2016-01-08,hk00402,0.3,0.3,0.29,0.295,0.29
2016-01-07,hk00402,0.315,0.315,0.28,0.29,0.32
2016-01-06,hk00402,0.325,0.33,0.31,0.32,0.325
2016-01-05,hk00402,0.33,0.345,0.32,0.325,0.33
2016-01-04,hk00402,0.37,0.37,0.325,0.33,0.375
2015-12-31,hk00402,0.375,0.4,0.36,0.375,0.375
2015-12-30,hk00402,0.355,0.38,0.335,0.375,0.355
2015-12-29,hk00402,0.315,0.355,0.315,0.355,0.32
2015-12-28,hk00402,0.31,0.32,0.305,0.32,0.31
2015-12-24,hk00402,0.305,0.31,0.3,0.31,0.3
2015-12-23,hk00402,0.3,0.305,0.29,0.3,0.305
2015-12-22,hk00402,0.3,0.305,0.29,0.305,0.305
2015-12-21,hk00402,0.295,0.31,0.295,0.305,0.295
2015-12-18,hk00402,0.29,0.3,0.285,0.295,0.295
2015-12-17,hk00402,0.29,0.3,0.285,0.295,0.285
2015-12-16,hk00402,0.285,0.29,0.28,0.285,0.28
2015-12-15,hk00402,0.28,0.285,0.275,0.28,0.285
2015-12-14,hk00402,0.275,0.29,0.265,0.285,0.28
2015-12-11,hk00402,0.305,0.305,0.28,0.28,0.305
2015-12-10,hk00402,0.295,0.305,0.295,0.305,0.3
2015-12-09,hk00402,0.295,0.305,0.29,0.3,0.3
2015-12-08,hk00402,0.3,0.3,0.29,0.3,0.3
2015-12-07,hk00402,0.3,0.305,0.295,0.3,0.3
2015-12-04,hk00402,0.305,0.31,0.295,0.3,0.31
2015-12-03,hk00402,0.31,0.315,0.305,0.31,0.31
2015-12-02,hk00402,0.31,0.315,0.305,0.31,0.31
2015-12-01,hk00402,0.32,0.32,0.31,0.31,0.315
2015-11-30,hk00402,0.315,0.335,0.305,0.315,0.315
2015-11-27,hk00402,0.32,0.32,0.305,0.315,0.315
2015-11-26,hk00402,0.32,0.325,0.31,0.315,0.32
2015-11-25,hk00402,0.315,0.325,0.31,0.32,0.315
2015-11-24,hk00402,0.33,0.335,0.31,0.315,0.33
2015-11-23,hk00402,0.345,0.345,0.325,0.33,0.345
2015-11-20,hk00402,0.34,0.35,0.33,0.345,0.34
2015-11-19,hk00402,0.335,0.34,0.33,0.34,0.335
2015-11-18,hk00402,0.345,0.35,0.33,0.335,0.345
2015-11-17,hk00402,0.34,0.35,0.335,0.345,0.34
2015-11-16,hk00402,0.34,0.355,0.33,0.34,0.345
2015-11-13,hk00402,0.32,0.355,0.32,0.345,0.325
2015-11-12,hk00402,0.325,0.33,0.32,0.325,0.325
2015-11-11,hk00402,0.33,0.335,0.32,0.325,0.33
2015-11-10,hk00402,0.34,0.36,0.33,0.33,0.34
2015-11-09,hk00402,0.315,0.345,0.31,0.34,0.315
2015-11-06,hk00402,0.315,0.32,0.305,0.315,0.315
2015-11-05,hk00402,0.315,0.325,0.305,0.315,0.315
2015-11-04,hk00402,0.29,0.325,0.285,0.315,0.285
2015-11-03,hk00402,0.28,0.29,0.275,0.285,0.275
2015-11-02,hk00402,0.28,0.285,0.275,0.275,0.285
2015-10-30,hk00402,0.285,0.29,0.28,0.285,0.29
2015-10-29,hk00402,0.295,0.295,0.285,0.29,0.29
2015-10-28,hk00402,0.29,0.3,0.285,0.29,0.29
2015-10-27,hk00402,0.29,0.29,0.28,0.29,0.295
2015-10-26,hk00402,0.29,0.3,0.29,0.295,0.285
2015-10-23,hk00402,0.29,0.29,0.28,0.285,0.285
2015-10-22,hk00402,0.29,0.29,0.285,0.285,0.295
2015-10-20,hk00402,0.295,0.295,0.29,0.295,0.3
2015-10-19,hk00402,0.3,0.305,0.295,0.3,0.3
2015-10-16,hk00402,0.305,0.31,0.3,0.3,0.3
2015-10-15,hk00402,0.285,0.305,0.285,0.3,0.285
2015-10-14,hk00402,0.29,0.295,0.28,0.285,0.295
2015-10-13,hk00402,0.3,0.305,0.29,0.295,0.3
2015-10-12,hk00402,0.285,0.31,0.285,0.3,0.285
2015-10-09,hk00402,0.295,0.3,0.285,0.285,0.295
2015-10-08,hk00402,0.285,0.3,0.275,0.295,0.285
2015-10-07,hk00402,0.275,0.285,0.27,0.285,0.275
2015-10-06,hk00402,0.275,0.275,0.265,0.275,0.275
2015-10-05,hk00402,0.275,0.28,0.265,0.275,0.275
2015-10-02,hk00402,0.275,0.275,0.26,0.275,0.27
2015-09-30,hk00402,0.265,0.275,0.26,0.27,0.265
2015-09-29,hk00402,0.27,0.27,0.255,0.265,0.275
2015-09-25,hk00402,0.275,0.275,0.265,0.275,0.275
2015-09-24,hk00402,0.28,0.28,0.27,0.275,0.28
2015-09-23,hk00402,0.29,0.295,0.275,0.28,0.295
2015-09-22,hk00402,0.285,0.295,0.285,0.295,0.28
2015-09-21,hk00402,0.28,0.3,0.28,0.28,0.285
2015-09-18,hk00402,0.27,0.295,0.27,0.285,0.27
2015-09-17,hk00402,0.27,0.28,0.265,0.27,0.265
2015-09-16,hk00402,0.255,0.265,0.25,0.265,0.25
2015-09-15,hk00402,0.255,0.26,0.246,0.25,0.26
2015-09-14,hk00402,0.27,0.275,0.255,0.26,0.27
2015-09-11,hk00402,0.265,0.275,0.26,0.27,0.265
2015-09-10,hk00402,0.27,0.27,0.26,0.265,0.275
2015-09-09,hk00402,0.27,0.28,0.26,0.275,0.265
2015-09-08,hk00402,0.246,0.265,0.244,0.265,0.248
2015-09-07,hk00402,0.25,0.255,0.242,0.248,0.249
2015-09-04,hk00402,0.238,0.255,0.232,0.249,0.236
2015-09-02,hk00402,0.226,0.247,0.222,0.236,0.235
2015-09-01,hk00402,0.25,0.255,0.233,0.235,0.26
2015-08-31,hk00402,0.26,0.27,0.243,0.26,0.26
2015-08-28,hk00402,0.27,0.285,0.26,0.26,0.255
2015-08-27,hk00402,0.235,0.26,0.235,0.255,0.227
2015-08-26,hk00402,0.227,0.24,0.214,0.227,0.217
2015-08-25,hk00402,0.208,0.231,0.202,0.217,0.212
2015-08-24,hk00402,0.24,0.242,0.21,0.212,0.265
2015-08-21,hk00402,0.27,0.28,0.249,0.265,0.285
2015-08-20,hk00402,0.29,0.3,0.275,0.285,0.295
2015-08-19,hk00402,0.3,0.3,0.275,0.295,0.3
2015-08-18,hk00402,0.33,0.33,0.29,0.3,0.32
2015-08-17,hk00402,0.33,0.33,0.32,0.32,0.335
2015-08-14,hk00402,0.33,0.335,0.32,0.335,0.325
2015-08-13,hk00402,0.33,0.34,0.325,0.325,0.325
2015-08-12,hk00402,0.335,0.34,0.32,0.325,0.34
2015-08-11,hk00402,0.36,0.365,0.34,0.34,0.355
2015-08-10,hk00402,0.34,0.36,0.33,0.355,0.34
2015-08-07,hk00402,0.33,0.34,0.325,0.34,0.33
2015-08-06,hk00402,0.325,0.335,0.325,0.33,0.33
2015-08-05,hk00402,0.33,0.34,0.325,0.33,0.335
2015-08-04,hk00402,0.315,0.335,0.3,0.335,0.315
2015-08-03,hk00402,0.335,0.335,0.305,0.315,0.34
2015-07-31,hk00402,0.34,0.345,0.335,0.34,0.34
2015-07-30,hk00402,0.355,0.36,0.33,0.34,0.345
2015-07-29,hk00402,0.345,0.36,0.325,0.345,0.34
2015-07-28,hk00402,0.34,0.365,0.325,0.34,0.33
2015-07-27,hk00402,0.395,0.395,0.325,0.33,0.405
2015-07-24,hk00402,0.39,0.43,0.385,0.405,0.395
2015-07-23,hk00402,0.365,0.4,0.365,0.395,0.37
2015-07-22,hk00402,0.375,0.385,0.36,0.37,0.385
2015-07-21,hk00402,0.385,0.41,0.38,0.385,0.395
2015-07-20,hk00402,0.38,0.4,0.37,0.395,0.37
2015-07-17,hk00402,0.355,0.38,0.34,0.37,0.345
2015-07-16,hk00402,0.34,0.355,0.325,0.345,0.335
2015-07-15,hk00402,0.365,0.365,0.315,0.335,0.365
2015-07-14,hk00402,0.375,0.39,0.35,0.365,0.36
2015-07-13,hk00402,0.33,0.38,0.325,0.36,0.33
2015-07-10,hk00402,0.35,0.405,0.31,0.33,0.345
2015-07-09,hk00402,0.234,0.355,0.234,0.345,0.234
2015-07-08,hk00402,0.23,0.26,0.195,0.234,0.265
2015-07-07,hk00402,0.32,0.325,0.25,0.265,0.325
2015-07-06,hk00402,0.375,0.395,0.23,0.325,0.365
2015-07-03,hk00402,0.4,0.415,0.35,0.365,0.415
2015-07-02,hk00402,0.465,0.475,0.4,0.415,0.47
2015-06-30,hk00402,0.44,0.48,0.39,0.47,0.435
2015-06-29,hk00402,0.53,0.53,0.41,0.435,0.52
2015-06-26,hk00402,0.55,0.55,0.5,0.52,0.55
2015-06-25,hk00402,0.58,0.59,0.55,0.55,0.58
2015-06-24,hk00402,0.54,0.59,0.53,0.58,0.54
2015-06-23,hk00402,0.53,0.55,0.52,0.54,0.53
2015-06-22,hk00402,0.53,0.54,0.52,0.53,0.54
2015-06-19,hk00402,0.55,0.55,0.51,0.54,0.54
2015-06-18,hk00402,0.55,0.57,0.53,0.54,0.54
2015-06-17,hk00402,0.55,0.56,0.53,0.54,0.54
2015-06-16,hk00402,0.54,0.56,0.53,0.54,0.54
2015-06-15,hk00402,0.58,0.6,0.53,0.54,0.57
2015-06-12,hk00402,0.57,0.59,0.55,0.57,0.56
2015-06-11,hk00402,0.57,0.58,0.53,0.56,0.55
2015-06-10,hk00402,0.59,0.61,0.55,0.55,0.59
2015-06-09,hk00402,0.62,0.64,0.54,0.59,0.62
2015-06-08,hk00402,0.61,0.66,0.6,0.62,0.61
2015-06-05,hk00402,0.6,0.62,0.58,0.61,0.61
2015-06-04,hk00402,0.57,0.63,0.56,0.61,0.58
2015-06-03,hk00402,0.64,0.65,0.58,0.58,0.64
2015-06-02,hk00402,0.68,0.68,0.62,0.64,0.68
2015-06-01,hk00402,0.69,0.7,0.65,0.68,0.68
2015-05-29,hk00402,0.67,0.7,0.65,0.68,0.67
2015-05-28,hk00402,0.7,0.7,0.64,0.67,0.69
2015-05-27,hk00402,0.72,0.72,0.67,0.69,0.72
2015-05-26,hk00402,0.7,0.73,0.67,0.72,0.67
2015-05-22,hk00402,0.67,0.7,0.64,0.67,0.66
2015-05-21,hk00402,0.63,0.68,0.61,0.66,0.62
2015-05-20,hk00402,0.63,0.66,0.6,0.62,0.63
2015-05-19,hk00402,0.67,0.72,0.61,0.63,0.65
2015-05-18,hk00402,0.58,0.65,0.57,0.65,0.56
2015-05-15,hk00402,0.56,0.59,0.54,0.56,0.54
2015-05-14,hk00402,0.5,0.57,0.49,0.54,0.5
2015-05-13,hk00402,0.51,0.52,0.485,0.5,0.5
2015-05-12,hk00402,0.47,0.52,0.47,0.5,0.47
2015-05-11,hk00402,0.475,0.475,0.45,0.47,0.465
2015-05-08,hk00402,0.465,0.495,0.46,0.465,0.46
2015-05-07,hk00402,0.495,0.51,0.455,0.46,0.5
2015-05-06,hk00402,0.54,0.56,0.5,0.5,0.52
2015-05-05,hk00402,0.48,0.57,0.48,0.52,0.48
2015-05-04,hk00402,0.445,0.48,0.44,0.48,0.455
2015-04-30,hk00402,0.46,0.47,0.445,0.455,0.455
2015-04-29,hk00402,0.445,0.5,0.42,0.455,0.445
2015-04-28,hk00402,0.455,0.46,0.435,0.445,0.46
2015-04-27,hk00402,0.47,0.47,0.445,0.46,0.465
2015-04-24,hk00402,0.465,0.47,0.445,0.465,0.465
2015-04-23,hk00402,0.46,0.47,0.435,0.465,0.455
2015-04-22,hk00402,0.42,0.47,0.42,0.455,0.43
2015-04-21,hk00402,0.43,0.45,0.385,0.43,0.42
2015-04-20,hk00402,0.495,0.5,0.415,0.42,0.49
2015-04-17,hk00402,0.51,0.51,0.475,0.49,0.5
2015-04-16,hk00402,0.49,0.52,0.46,0.5,0.475
2015-04-15,hk00402,0.52,0.52,0.44,0.475,0.52
2015-04-14,hk00402,0.52,0.57,0.475,0.52,0.51
2015-04-13,hk00402,0.42,0.52,0.42,0.51,0.415
2015-04-10,hk00402,0.43,0.47,0.37,0.415,0.38
2015-04-08,hk00402,0.31,0.58,0.31,0.38,0.315
2015-04-02,hk00402,0.295,0.315,0.295,0.315,0.29
2015-04-01,hk00402,0.265,0.295,0.26,0.29,0.265
2015-03-31,hk00402,0.26,0.27,0.255,0.265,0.265
2015-03-30,hk00402,0.25,0.27,0.247,0.265,0.25
2015-03-27,hk00402,0.255,0.26,0.248,0.25,0.26
2015-03-26,hk00402,0.255,0.26,0.246,0.26,0.255
2015-03-25,hk00402,0.255,0.265,0.248,0.255,0.255
2015-03-24,hk00402,0.25,0.26,0.25,0.255,0.25
2015-03-23,hk00402,0.25,0.255,0.249,0.25,0.25
2015-03-20,hk00402,0.26,0.265,0.241,0.25,0.265
2015-03-19,hk00402,0.27,0.27,0.255,0.265,0.27
2015-03-18,hk00402,0.265,0.27,0.26,0.27,0.265
2015-03-17,hk00402,0.27,0.275,0.26,0.265,0.27
2015-03-16,hk00402,0.27,0.275,0.265,0.27,0.275
2015-03-13,hk00402,0.26,0.285,0.255,0.275,0.27
2015-03-12,hk00402,0.265,0.27,0.26,0.27,0.27
2015-03-11,hk00402,0.27,0.27,0.265,0.27,0.265
2015-03-10,hk00402,0.27,0.275,0.265,0.265,0.275
2015-03-09,hk00402,0.255,0.28,0.255,0.275,0.26
2015-03-06,hk00402,0.265,0.265,0.255,0.26,0.26
2015-03-05,hk00402,0.275,0.275,0.25,0.26,0.27
2015-03-04,hk00402,0.275,0.275,0.26,0.27,0.28
2015-03-03,hk00402,0.295,0.295,0.275,0.28,0.295
2015-03-02,hk00402,0.3,0.3,0.29,0.295,0.3
2015-02-27,hk00402,0.28,0.3,0.28,0.3,0.285
2015-02-26,hk00402,0.29,0.29,0.28,0.285,0.295
2015-02-25,hk00402,0.285,0.295,0.28,0.295,0.285
2015-02-24,hk00402,0.27,0.295,0.27,0.285,0.27
2015-02-23,hk00402,0.27,0.27,0.27,0.27,0.265
2015-02-18,hk00402,0.265,0.27,0.265,0.265,0.27
2015-02-17,hk00402,0.26,0.275,0.26,0.27,0.26
2015-02-16,hk00402,0.26,0.275,0.26,0.26,0.26
2015-02-13,hk00402,0.249,0.26,0.249,0.26,0.248
2015-02-12,hk00402,0.241,0.255,0.241,0.248,0.247
2015-02-11,hk00402,0.248,0.25,0.238,0.247,0.248
2015-02-10,hk00402,0.255,0.255,0.247,0.248,0.26
2015-02-09,hk00402,0.28,0.28,0.255,0.26,0.28
2015-02-06,hk00402,0.28,0.28,0.27,0.28,0.285
2015-02-05,hk00402,0.28,0.285,0.275,0.285,0.28
2015-02-04,hk00402,0.275,0.285,0.275,0.28,0.275
2015-02-03,hk00402,0.27,0.28,0.26,0.275,0.275
2015-02-02,hk00402,0.275,0.28,0.27,0.275,0.27
2015-01-30,hk00402,0.28,0.285,0.27,0.27,0.285
2015-01-29,hk00402,0.28,0.285,0.275,0.285,0.285
2015-01-28,hk00402,0.28,0.29,0.275,0.285,0.28
2015-01-27,hk00402,0.29,0.295,0.27,0.28,0.285
2015-01-26,hk00402,0.275,0.295,0.27,0.285,0.275
2015-01-23,hk00402,0.27,0.28,0.265,0.275,0.28
2015-01-22,hk00402,0.285,0.29,0.27,0.28,0.28
2015-01-21,hk00402,0.28,0.285,0.275,0.28,0.285
2015-01-20,hk00402,0.27,0.295,0.27,0.285,0.27
2015-01-19,hk00402,0.275,0.28,0.265,0.27,0.275
2015-01-16,hk00402,0.265,0.275,0.26,0.275,0.275
2015-01-15,hk00402,0.28,0.285,0.27,0.275,0.28
2015-01-14,hk00402,0.285,0.285,0.27,0.28,0.29
2015-01-13,hk00402,0.29,0.29,0.285,0.29,0.29
2015-01-12,hk00402,0.285,0.295,0.28,0.29,0.285
2015-01-09,hk00402,0.29,0.29,0.28,0.285,0.29
2015-01-08,hk00402,0.295,0.295,0.285,0.29,0.29
2015-01-07,hk00402,0.3,0.3,0.285,0.29,0.295
2015-01-06,hk00402,0.3,0.31,0.295,0.295,0.295
2015-01-05,hk00402,0.31,0.31,0.285,0.295,0.31
2015-01-02,hk00402,0.33,0.335,0.305,0.31,0.335
2014-12-31,hk00402,0.32,0.34,0.295,0.335,0.315
2014-12-30,hk00402,0.275,0.32,0.275,0.315,0.28
2014-12-29,hk00402,0.265,0.285,0.25,0.28,0.265
2014-12-24,hk00402,0.26,0.28,0.25,0.265,0.26
2014-12-23,hk00402,0.238,0.275,0.233,0.26,0.235
2014-12-22,hk00402,0.239,0.245,0.231,0.235,0.239
2014-12-19,hk00402,0.248,0.249,0.239,0.239,0.242
2014-12-18,hk00402,0.233,0.248,0.228,0.242,0.237
2014-12-17,hk00402,0.238,0.25,0.225,0.237,0.238
2014-12-16,hk00402,0.224,0.239,0.221,0.238,0.222
2014-12-15,hk00402,0.197,0.222,0.192,0.222,0.202
2014-12-12,hk00402,0.2,0.207,0.198,0.202,0.203
2014-12-11,hk00402,0.214,0.214,0.198,0.203,0.215
2014-12-10,hk00402,0.216,0.225,0.211,0.215,0.213
2014-12-09,hk00402,0.228,0.229,0.209,0.213,0.232
2014-12-08,hk00402,0.233,0.238,0.228,0.232,0.231
2014-12-05,hk00402,0.25,0.25,0.23,0.231,0.255
2014-12-04,hk00402,0.27,0.27,0.248,0.255,0.27
2014-12-03,hk00402,0.275,0.275,0.255,0.27,0.27
2014-12-02,hk00402,0.27,0.275,0.265,0.27,0.265
2014-12-01,hk00402,0.275,0.275,0.26,0.265,0.28
2014-11-28,hk00402,0.285,0.285,0.27,0.28,0.29
2014-11-27,hk00402,0.3,0.3,0.28,0.29,0.3
2014-11-26,hk00402,0.29,0.31,0.285,0.3,0.285
2014-11-25,hk00402,0.285,0.29,0.28,0.285,0.285
2014-11-24,hk00402,0.28,0.295,0.27,0.285,0.28
2014-11-21,hk00402,0.265,0.285,0.265,0.28,0.26
2014-11-20,hk00402,0.27,0.27,0.255,0.26,0.27
2014-11-19,hk00402,0.27,0.275,0.255,0.27,0.27
2014-11-18,hk00402,0.285,0.295,0.255,0.27,0.29
2014-11-17,hk00402,0.285,0.29,0.28,0.29,0.29
2014-11-14,hk00402,0.285,0.295,0.275,0.29,0.28
2014-11-13,hk00402,0.28,0.29,0.275,0.28,0.28
2014-11-12,hk00402,0.275,0.285,0.275,0.28,0.27
2014-11-11,hk00402,0.28,0.28,0.248,0.27,0.275
2014-11-10,hk00402,0.3,0.3,0.27,0.275,0.3
2014-11-07,hk00402,0.3,0.305,0.285,0.3,0.3
2014-11-06,hk00402,0.31,0.32,0.3,0.3,0.305
2014-11-05,hk00402,0.31,0.31,0.3,0.305,0.31
2014-11-04,hk00402,0.3,0.315,0.3,0.31,0.295
2014-11-03,hk00402,0.3,0.305,0.295,0.295,0.3
2014-10-31,hk00402,0.33,0.33,0.295,0.3,0.325
2014-10-30,hk00402,0.33,0.33,0.325,0.325,0.33
2014-10-29,hk00402,0.345,0.345,0.325,0.33,0.34
2014-10-28,hk00402,0.32,0.34,0.32,0.34,0.325
2014-10-27,hk00402,0.345,0.345,0.32,0.325,0.345
2014-10-24,hk00402,0.36,0.365,0.34,0.345,0.355
2014-10-23,hk00402,0.34,0.375,0.33,0.355,0.34
2014-10-22,hk00402,0.33,0.345,0.325,0.34,0.325
2014-10-21,hk00402,0.33,0.34,0.32,0.325,0.325
2014-10-20,hk00402,0.325,0.345,0.315,0.325,0.32
2014-10-17,hk00402,0.33,0.33,0.31,0.32,0.31
2014-10-16,hk00402,0.32,0.325,0.305,0.31,0.325
2014-10-15,hk00402,0.35,0.35,0.305,0.325,0.35
2014-10-14,hk00402,0.34,0.36,0.325,0.35,0.34
2014-10-13,hk00402,0.35,0.36,0.315,0.34,0.35
2014-10-10,hk00402,0.31,0.365,0.305,0.35,0.315
2014-10-09,hk00402,0.265,0.32,0.26,0.315,0.26
2014-10-08,hk00402,0.246,0.27,0.246,0.26,0.245
2014-10-07,hk00402,0.255,0.265,0.24,0.245,0.255
2014-10-06,hk00402,0.26,0.265,0.249,0.255,0.26
2014-10-03,hk00402,0.26,0.28,0.255,0.26,0.26
2014-09-30,hk00402,0.242,0.27,0.242,0.26,0.242
2014-09-29,hk00402,0.248,0.248,0.238,0.242,0.246
2014-09-26,hk00402,0.236,0.255,0.226,0.246,0.24
2014-09-25,hk00402,0.238,0.265,0.233,0.24,0.234
2014-09-24,hk00402,0.211,0.235,0.21,0.234,0.212
2014-09-23,hk00402,0.212,0.219,0.207,0.212,0.212
2014-09-22,hk00402,0.197,0.212,0.193,0.212,0.2
2014-09-19,hk00402,0.198,0.207,0.195,0.2,0.199
2014-09-18,hk00402,0.19,0.206,0.19,0.199,0.19
2014-09-17,hk00402,0.193,0.193,0.187,0.19,0.186
2014-09-16,hk00402,0.195,0.195,0.182,0.186,0.193
2014-09-15,hk00402,0.176,0.195,0.173,0.193,0.177
2014-09-12,hk00402,0.172,0.178,0.17,0.177,0.172
2014-09-11,hk00402,0.173,0.177,0.171,0.172,0.177
2014-09-10,hk00402,0.177,0.178,0.172,0.177,0.177
2014-09-08,hk00402,0.171,0.178,0.171,0.177,0.173
2014-09-05,hk00402,0.176,0.176,0.172,0.173,0.176
2014-09-04,hk00402,0.178,0.183,0.172,0.176,0.176
2014-09-03,hk00402,0.166,0.177,0.165,0.176,0.167
2014-09-02,hk00402,0.166,0.169,0.165,0.167,0.17
2014-09-01,hk00402,0.17,0.173,0.17,0.17,0.168
2014-08-29,hk00402,0.169,0.169,0.166,0.168,0.17
2014-08-28,hk00402,0.166,0.172,0.165,0.17,0.169
2014-08-27,hk00402,0.165,0.173,0.164,0.169,0.168
2014-08-26,hk00402,0.166,0.174,0.164,0.168,0.168
2014-08-25,hk00402,0.171,0.172,0.166,0.168,0.172
2014-08-22,hk00402,0.175,0.175,0.17,0.172,0.175
2014-08-21,hk00402,0.175,0.176,0.173,0.175,0.174
2014-08-20,hk00402,0.179,0.181,0.173,0.174,0.18
2014-08-19,hk00402,0.178,0.184,0.175,0.18,0.18
2014-08-18,hk00402,0.174,0.187,0.173,0.18,0.174
2014-08-15,hk00402,0.182,0.182,0.17,0.174,0.179
2014-08-14,hk00402,0.18,0.184,0.179,0.179,0.181
2014-08-13,hk00402,0.18,0.192,0.177,0.181,0.18
2014-08-12,hk00402,0.185,0.2,0.179,0.18,0.183
2014-08-11,hk00402,0.16,0.189,0.156,0.183,0.16
2014-08-08,hk00402,0.169,0.176,0.158,0.16,0.169
2014-08-07,hk00402,0.185,0.185,0.168,0.169,0.184
2014-08-06,hk00402,0.188,0.188,0.183,0.184,0.189
2014-08-05,hk00402,0.188,0.19,0.186,0.189,0.188
2014-08-04,hk00402,0.19,0.196,0.186,0.188,0.188
2014-08-01,hk00402,0.19,0.196,0.188,0.188,0.188
2014-07-31,hk00402,0.193,0.193,0.18,0.188,0.186
2014-07-30,hk00402,0.195,0.195,0.185,0.186,0.192
2014-07-29,hk00402,0.195,0.195,0.192,0.192,0.195
2014-07-28,hk00402,0.185,0.2,0.185,0.195,0.188
2014-07-25,hk00402,0.187,0.191,0.186,0.188,0.187
2014-07-24,hk00402,0.2,0.2,0.18,0.187,0.2
2014-07-23,hk00402,0.201,0.204,0.195,0.2,0.202
2014-07-22,hk00402,0.206,0.207,0.201,0.202,0.206
2014-07-21,hk00402,0.21,0.215,0.205,0.206,0.209
2014-07-18,hk00402,0.209,0.218,0.204,0.209,0.209
2014-07-17,hk00402,0.209,0.217,0.209,0.209,0.211
2014-07-16,hk00402,0.223,0.227,0.202,0.211,0.22
2014-07-15,hk00402,0.205,0.229,0.205,0.22,0.202
2014-07-14,hk00402,0.203,0.21,0.202,0.202,0.203
2014-07-11,hk00402,0.204,0.208,0.202,0.203,0.206
2014-07-10,hk00402,0.206,0.217,0.206,0.206,0.207
2014-07-09,hk00402,0.21,0.211,0.207,0.207,0.212
2014-07-08,hk00402,0.215,0.219,0.209,0.212,0.215
2014-07-07,hk00402,0.206,0.223,0.206,0.215,0.205
2014-07-04,hk00402,0.205,0.21,0.203,0.205,0.206
2014-07-03,hk00402,0.2,0.208,0.198,0.206,0.201
2014-07-02,hk00402,0.21,0.213,0.198,0.201,0.202
2014-06-30,hk00402,0.2,0.203,0.195,0.202,0.2
2014-06-27,hk00402,0.198,0.202,0.194,0.2,0.196
2014-06-26,hk00402,0.198,0.2,0.19,0.196,0.194
2014-06-25,hk00402,0.2,0.2,0.191,0.194,0.2
2014-06-24,hk00402,0.197,0.202,0.196,0.2,0.195
2014-06-23,hk00402,0.197,0.205,0.195,0.195,0.199
2014-06-20,hk00402,0.203,0.204,0.199,0.199,0.199
2014-06-19,hk00402,0.209,0.209,0.199,0.199,0.207
2014-06-18,hk00402,0.21,0.215,0.207,0.207,0.21
2014-06-17,hk00402,0.216,0.216,0.209,0.21,0.217
2014-06-16,hk00402,0.214,0.219,0.21,0.217,0.215
2014-06-13,hk00402,0.215,0.222,0.213,0.215,0.215
2014-06-12,hk00402,0.21,0.227,0.209,0.215,0.211
2014-06-11,hk00402,0.214,0.217,0.21,0.211,0.216
2014-06-10,hk00402,0.22,0.22,0.213,0.216,0.219
2014-06-09,hk00402,0.218,0.222,0.214,0.219,0.22
2014-06-06,hk00402,0.219,0.223,0.214,0.22,0.221
2014-06-05,hk00402,0.223,0.226,0.22,0.221,0.222
2014-06-04,hk00402,0.222,0.226,0.219,0.222,0.223
2014-06-03,hk00402,0.221,0.227,0.219,0.223,0.223
2014-05-30,hk00402,0.222,0.226,0.221,0.223,0.222
2014-05-29,hk00402,0.224,0.227,0.22,0.222,0.227
2014-05-28,hk00402,0.223,0.227,0.222,0.227,0.227
2014-05-27,hk00402,0.232,0.232,0.221,0.227,0.23
2014-05-26,hk00402,0.226,0.232,0.224,0.23,0.226
2014-05-23,hk00402,0.218,0.228,0.218,0.226,0.217
2014-05-22,hk00402,0.219,0.221,0.215,0.217,0.215
2014-05-21,hk00402,0.21,0.218,0.209,0.215,0.209
2014-05-20,hk00402,0.22,0.222,0.208,0.209,0.22
2014-05-19,hk00402,0.219,0.221,0.213,0.22,0.214
2014-05-16,hk00402,0.21,0.22,0.21,0.214,0.213
2014-05-15,hk00402,0.231,0.246,0.213,0.213,0.232
2014-05-14,hk00402,0.233,0.247,0.227,0.232,0.233
2014-05-13,hk00402,0.237,0.247,0.23,0.233,0.237
2014-05-12,hk00402,0.25,0.25,0.237,0.237,0.248
2014-05-09,hk00402,0.248,0.25,0.247,0.248,0.249
2014-05-08,hk00402,0.255,0.26,0.248,0.249,0.255
2014-05-07,hk00402,0.255,0.26,0.249,0.255,0.25
2014-05-05,hk00402,0.255,0.26,0.249,0.25,0.26
2014-05-02,hk00402,0.25,0.265,0.25,0.26,0.255
2014-04-30,hk00402,0.25,0.255,0.249,0.255,0.255
2014-04-29,hk00402,0.255,0.265,0.249,0.255,0.26
2014-04-28,hk00402,0.26,0.265,0.25,0.26,0.265
2014-04-25,hk00402,0.265,0.275,0.255,0.265,0.26
2014-04-24,hk00402,0.27,0.275,0.255,0.26,0.275
2014-04-23,hk00402,0.27,0.28,0.27,0.275,0.27
2014-04-22,hk00402,0.27,0.28,0.265,0.27,0.275
2014-04-17,hk00402,0.27,0.285,0.27,0.275,0.275
2014-04-16,hk00402,0.27,0.285,0.27,0.275,0.275
2014-04-15,hk00402,0.275,0.285,0.265,0.275,0.275
2014-04-14,hk00402,0.255,0.285,0.255,0.275,0.247
2014-04-11,hk00402,0.249,0.25,0.247,0.247,0.249
2014-04-10,hk00402,0.247,0.25,0.245,0.249,0.247
2014-04-09,hk00402,0.245,0.25,0.243,0.247,0.246
2014-04-08,hk00402,0.255,0.265,0.245,0.246,0.255
2014-04-07,hk00402,0.26,0.27,0.25,0.255,0.265
2014-04-04,hk00402,0.275,0.275,0.26,0.265,0.27
2014-04-03,hk00402,0.27,0.28,0.27,0.27,0.27
2014-04-02,hk00402,0.275,0.28,0.265,0.27,0.275
2014-04-01,hk00402,0.265,0.28,0.27,0.275,0.265
2014-03-31,hk00402,0.27,0.28,0.26,0.265,0.27
2014-03-28,hk00402,0.27,0.275,0.26,0.27,0.27
2014-03-27,hk00402,0.27,0.28,0.25,0.27,0.275
2014-03-26,hk00402,0.28,0.285,0.265,0.275,0.275
2014-03-25,hk00402,0.285,0.29,0.27,0.275,0.29
2014-03-24,hk00402,0.275,0.29,0.275,0.29,0.28
2014-03-21,hk00402,0.28,0.295,0.28,0.28,0.285
2014-03-20,hk00402,0.295,0.31,0.28,0.285,0.3
2014-03-19,hk00402,0.27,0.3,0.27,0.3,0.27
2014-03-18,hk00402,0.28,0.29,0.27,0.27,0.285
2014-03-17,hk00402,0.295,0.305,0.285,0.285,0.3
2014-03-14,hk00402,0.295,0.305,0.28,0.3,0.3
2014-03-13,hk00402,0.315,0.32,0.295,0.3,0.315
2014-03-12,hk00402,0.31,0.34,0.305,0.315,0.315
2014-03-11,hk00402,0.3,0.32,0.3,0.315,0.3
2014-03-10,hk00402,0.3,0.32,0.295,0.3,0.295
2014-03-07,hk00402,0.305,0.31,0.29,0.295,0.305
2014-03-06,hk00402,0.335,0.345,0.295,0.305,0.335
2014-03-05,hk00402,0.28,0.34,0.28,0.335,0.28
2014-03-04,hk00402,0.275,0.285,0.27,0.28,0.275
2014-03-03,hk00402,0.25,0.28,0.249,0.275,0.249
2014-02-28,hk00402,0.25,0.255,0.246,0.249,0.25
2014-02-27,hk00402,0.255,0.26,0.248,0.25,0.255
2014-02-26,hk00402,0.25,0.265,0.247,0.255,0.249
2014-02-25,hk00402,0.25,0.255,0.249,0.249,0.25
2014-02-24,hk00402,0.26,0.27,0.247,0.25,0.265
2014-02-21,hk00402,0.26,0.27,0.26,0.265,0.26
2014-02-20,hk00402,0.26,0.28,0.26,0.26,0.27
2014-02-19,hk00402,0.27,0.28,0.26,0.27,0.27
2014-02-18,hk00402,0.29,0.295,0.265,0.27,0.295
2014-02-17,hk00402,0.285,0.3,0.285,0.295,0.29
2014-02-14,hk00402,0.29,0.3,0.285,0.29,0.29
2014-02-13,hk00402,0.29,0.31,0.29,0.29,0.295
2014-02-12,hk00402,0.31,0.315,0.29,0.295,0.31
2014-02-11,hk00402,0.34,0.355,0.31,0.31,0.31
2014-02-10,hk00402,0.305,0.32,0.3,0.31,0.305
2014-02-07,hk00402,0.295,0.305,0.295,0.305,0.295
2014-02-06,hk00402,0.29,0.295,0.285,0.295,0.29
2014-02-05,hk00402,0.29,0.295,0.29,0.29,0.29
2014-02-04,hk00402,0.295,0.3,0.28,0.29,0.305
2014-01-30,hk00402,0.305,0.33,0.295,0.305,0.31
2014-01-29,hk00402,0.3,0.32,0.3,0.31,0.31
2014-01-28,hk00402,0.29,0.32,0.29,0.31,0.295
2014-01-27,hk00402,0.255,0.3,0.255,0.295,0.265
2014-01-24,hk00402,0.255,0.275,0.255,0.265,0.26
2014-01-23,hk00402,0.265,0.285,0.26,0.26,0.26
2014-01-22,hk00402,0.25,0.265,0.25,0.26,0.255
2014-01-21,hk00402,0.25,0.27,0.249,0.255,0.249
2014-01-20,hk00402,0.255,0.265,0.249,0.249,0.255
2014-01-17,hk00402,0.255,0.255,0.25,0.255,0.255
2014-01-16,hk00402,0.255,0.26,0.255,0.255,0.255
2014-01-15,hk00402,0.26,0.26,0.255,0.255,0.26
2014-01-14,hk00402,0.26,0.26,0.26,0.26,0.26
2014-01-13,hk00402,0.26,0.26,0.255,0.26,0.26
2014-01-10,hk00402,0.26,0.27,0.26,0.26,0.26
2014-01-09,hk00402,0.28,0.28,0.25,0.26,0.265
2014-01-08,hk00402,0.265,0.275,0.265,0.265,0.26
2014-01-07,hk00402,0.255,0.275,0.25,0.26,0.255
2014-01-06,hk00402,0.27,0.28,0.255,0.255,0.26
2014-01-03,hk00402,0.275,0.285,0.255,0.26,0.275
2014-01-02,hk00402,0.29,0.29,0.27,0.275,0.29
2013-12-31,hk00402,0.285,0.29,0.28,0.29,0.28
2013-12-30,hk00402,0.29,0.3,0.28,0.28,0.295
2013-12-27,hk00402,0.29,0.3,0.285,0.295,0.285
2013-12-24,hk00402,0.295,0.295,0.285,0.285,0.29
2013-12-23,hk00402,0.285,0.29,0.285,0.29,0.29
2013-12-20,hk00402,0.29,0.29,0.285,0.29,0.29
2013-12-19,hk00402,0.285,0.295,0.285,0.29,0.285
2013-12-18,hk00402,0.3,0.305,0.285,0.285,0.3
2013-12-17,hk00402,0.295,0.3,0.285,0.3,0.295
2013-12-16,hk00402,0.29,0.3,0.28,0.295,0.295
2013-12-13,hk00402,0.295,0.3,0.285,0.295,0.29
2013-12-12,hk00402,0.29,0.3,0.28,0.29,0.295
2013-12-11,hk00402,0.295,0.3,0.285,0.295,0.3
2013-12-10,hk00402,0.31,0.31,0.3,0.3,0.305
2013-12-09,hk00402,0.3,0.31,0.29,0.305,0.305
2013-12-06,hk00402,0.315,0.315,0.305,0.305,0.305
2013-12-05,hk00402,0.315,0.315,0.3,0.305,0.305
2013-12-04,hk00402,0.305,0.315,0.295,0.305,0.31
2013-12-03,hk00402,0.3,0.32,0.3,0.31,0.305
2013-12-02,hk00402,0.305,0.315,0.3,0.305,0.295
2013-11-29,hk00402,0.305,0.305,0.295,0.295,0.305
2013-11-28,hk00402,0.3,0.305,0.295,0.305,0.305
2013-11-27,hk00402,0.305,0.305,0.3,0.305,0.305
2013-11-26,hk00402,0.295,0.305,0.29,0.305,0.3
2013-11-25,hk00402,0.31,0.32,0.295,0.3,0.315
2013-11-22,hk00402,0.335,0.335,0.305,0.315,0.32
2013-11-21,hk00402,0.32,0.335,0.31,0.32,0.31
2013-11-20,hk00402,0.31,0.315,0.31,0.31,0.31
2013-11-19,hk00402,0.32,0.325,0.305,0.31,0.31
2013-11-18,hk00402,0.32,0.335,0.3,0.31,0.31
2013-11-15,hk00402,0.32,0.32,0.305,0.31,0.315
2013-11-14,hk00402,0.335,0.335,0.315,0.315,0.33
2013-11-13,hk00402,0.33,0.34,0.32,0.33,0.335
2013-11-12,hk00402,0.355,0.37,0.33,0.335,0.355
2013-11-11,hk00402,0.375,0.375,0.345,0.355,0.37
2013-11-08,hk00402,0.315,0.385,0.31,0.37,0.32
2013-11-07,hk00402,0.325,0.325,0.3,0.32,0.33
2013-11-06,hk00402,0.305,0.335,0.275,0.33,0.31
2013-11-05,hk00402,0.33,0.33,0.305,0.31,0.33
2013-11-04,hk00402,0.34,0.34,0.32,0.33,0.34
2013-11-01,hk00402,0.34,0.355,0.335,0.34,0.34
2013-10-31,hk00402,0.34,0.36,0.325,0.34,0.345
2013-10-30,hk00402,0.365,0.365,0.345,0.345,0.365
2013-10-29,hk00402,0.365,0.365,0.355,0.365,0.36
2013-10-28,hk00402,0.365,0.375,0.355,0.36,0.365
2013-10-25,hk00402,0.375,0.385,0.36,0.365,0.38
2013-10-24,hk00402,0.395,0.395,0.37,0.38,0.39
2013-10-23,hk00402,0.385,0.4,0.385,0.39,0.385
2013-10-22,hk00402,0.39,0.395,0.37,0.385,0.395
2013-10-21,hk00402,0.355,0.395,0.355,0.395,0.355
2013-10-18,hk00402,0.37,0.37,0.35,0.355,0.36
2013-10-17,hk00402,0.38,0.39,0.355,0.36,0.375
2013-10-16,hk00402,0.395,0.405,0.375,0.375,0.395
2013-10-15,hk00402,0.385,0.41,0.385,0.395,0.385
2013-10-11,hk00402,0.385,0.405,0.385,0.385,0.375
2013-10-10,hk00402,0.375,0.385,0.37,0.375,0.375
2013-10-09,hk00402,0.37,0.38,0.37,0.375,0.37
2013-10-08,hk00402,0.37,0.38,0.37,0.37,0.375
2013-10-07,hk00402,0.38,0.385,0.36,0.375,0.38
2013-10-04,hk00402,0.37,0.385,0.37,0.38,0.375
2013-10-03,hk00402,0.395,0.4,0.36,0.375,0.4
2013-10-02,hk00402,0.405,0.405,0.39,0.4,0.4
2013-09-30,hk00402,0.4,0.41,0.395,0.4,0.4
2013-09-27,hk00402,0.41,0.415,0.4,0.4,0.405
2013-09-26,hk00402,0.415,0.42,0.4,0.405,0.405
2013-09-25,hk00402,0.41,0.415,0.405,0.405,0.405
2013-09-24,hk00402,0.405,0.43,0.4,0.405,0.4
2013-09-23,hk00402,0.41,0.425,0.4,0.4,0.41
2013-09-19,hk00402,0.38,0.41,0.38,0.41,0.385
2013-09-18,hk00402,0.41,0.415,0.385,0.385,0.4
2013-09-17,hk00402,0.425,0.425,0.395,0.4,0.405
2013-09-02,hk00402,0.41,0.42,0.4,0.405,0.41
2013-08-30,hk00402,0.42,0.43,0.405,0.41,0.415
2013-08-29,hk00402,0.41,0.42,0.4,0.415,0.415
2013-08-28,hk00402,0.415,0.425,0.4,0.415,0.42
2013-08-27,hk00402,0.425,0.43,0.415,0.42,0.425
2013-08-26,hk00402,0.425,0.43,0.42,0.425,0.425
2013-08-23,hk00402,0.425,0.44,0.42,0.425,0.43
2013-08-22,hk00402,0.425,0.44,0.415,0.43,0.425
2013-08-21,hk00402,0.41,0.425,0.405,0.425,0.425
2013-08-20,hk00402,0.42,0.445,0.385,0.425,0.42
2013-08-19,hk00402,0.43,0.44,0.415,0.42,0.43
2013-08-16,hk00402,0.44,0.455,0.425,0.43,0.445
2013-08-15,hk00402,0.44,0.48,0.435,0.445,0.44
2013-08-13,hk00402,0.415,0.445,0.405,0.44,0.415
2013-08-12,hk00402,0.405,0.42,0.4,0.415,0.405
2013-08-09,hk00402,0.41,0.42,0.39,0.405,0.4
2013-08-08,hk00402,0.38,0.425,0.38,0.4,0.37
2013-08-07,hk00402,0.325,0.395,0.325,0.37,0.33
2013-08-06,hk00402,0.33,0.33,0.315,0.33,0.33
2013-08-05,hk00402,0.31,0.33,0.31,0.33,0.315
2013-08-02,hk00402,0.325,0.325,0.315,0.315,0.32
2013-08-01,hk00402,0.325,0.325,0.305,0.32,0.315
2013-07-31,hk00402,0.315,0.33,0.31,0.315,0.315
2013-07-30,hk00402,0.31,0.325,0.305,0.315,0.305
2013-07-29,hk00402,0.305,0.32,0.305,0.305,0.305
2013-07-26,hk00402,0.29,0.33,0.29,0.305,0.29
2013-07-25,hk00402,0.3,0.31,0.285,0.29,0.295
2013-07-24,hk00402,0.28,0.3,0.255,0.295,0.285
2013-07-23,hk00402,0.265,0.3,0.248,0.285,0.265
2013-07-22,hk00402,0.23,0.275,0.22,0.265,0.231
2013-07-19,hk00402,0.207,0.231,0.19,0.231,0.2
2013-07-18,hk00402,0.21,0.215,0.199,0.2,0.2
2013-07-17,hk00402,0.2,0.209,0.195,0.2,0.205
2013-07-16,hk00402,0.22,0.227,0.205,0.205,0.235
2013-07-15,hk00402,0.23,0.24,0.22,0.235,0.23
2013-07-12,hk00402,0.235,0.24,0.225,0.23,0.245
2013-07-11,hk00402,0.247,0.25,0.245,0.245,0.25
2013-07-10,hk00402,0.24,0.25,0.24,0.25,0.249
2013-07-09,hk00402,0.25,0.255,0.249,0.249,0.26
2013-07-08,hk00402,0.25,0.265,0.25,0.26,0.255
2013-07-05,hk00402,0.255,0.26,0.25,0.255,0.27
2013-07-04,hk00402,0.275,0.275,0.248,0.27,0.27
2013-06-28,hk00402,0.255,0.27,0.255,0.27,0.265
2013-06-27,hk00402,0.26,0.265,0.26,0.265,0.265
2013-06-26,hk00402,0.26,0.265,0.255,0.265,0.26
2013-06-25,hk00402,0.265,0.265,0.245,0.26,0.27
2013-06-24,hk00402,0.275,0.275,0.26,0.27,0.275
2013-06-21,hk00402,0.28,0.285,0.27,0.275,0.28
2013-06-20,hk00402,0.285,0.285,0.28,0.28,0.285
2013-06-19,hk00402,0.3,0.305,0.285,0.285,0.285
2013-06-18,hk00402,0.285,0.32,0.285,0.285,0.28
2013-06-17,hk00402,0.265,0.285,0.265,0.28,0.265
2013-06-14,hk00402,0.27,0.27,0.26,0.265,0.265
2013-06-13,hk00402,0.26,0.275,0.26,0.265,0.27
2013-06-11,hk00402,0.26,0.28,0.26,0.27,0.265
2013-06-10,hk00402,0.265,0.275,0.265,0.265,0.26
2013-06-07,hk00402,0.255,0.265,0.25,0.26,0.255
2013-06-06,hk00402,0.27,0.275,0.255,0.255,0.265
2013-06-05,hk00402,0.27,0.275,0.26,0.265,0.275
2013-06-04,hk00402,0.265,0.275,0.265,0.275,0.27
2013-06-03,hk00402,0.29,0.29,0.27,0.27,0.285
2013-05-31,hk00402,0.28,0.3,0.275,0.285,0.28
2013-05-30,hk00402,0.27,0.28,0.265,0.28,0.265
2013-05-29,hk00402,0.27,0.27,0.265,0.265,0.265
2013-05-28,hk00402,0.27,0.27,0.265,0.265,0.265
2013-05-27,hk00402,0.27,0.275,0.265,0.265,0.265
2013-05-24,hk00402,0.27,0.27,0.265,0.265,0.265
2013-05-23,hk00402,0.27,0.27,0.265,0.265,0.27
2013-05-22,hk00402,0.27,0.27,0.265,0.27,0.27
2013-05-21,hk00402,0.27,0.275,0.265,0.27,0.27
2013-05-20,hk00402,0.275,0.28,0.27,0.27,0.27
2013-05-16,hk00402,0.275,0.275,0.27,0.27,0.27
2013-05-15,hk00402,0.27,0.275,0.27,0.27,0.27
2013-05-14,hk00402,0.275,0.28,0.27,0.27,0.27
2013-05-13,hk00402,0.27,0.27,0.265,0.27,0.27
2013-05-10,hk00402,0.27,0.27,0.265,0.27,0.27
2013-05-09,hk00402,0.27,0.275,0.27,0.27,0.27
2013-05-08,hk00402,0.275,0.275,0.27,0.27,0.27
2013-05-07,hk00402,0.28,0.28,0.27,0.27,0.27
2013-05-06,hk00402,0.27,0.285,0.27,0.27,0.27
2013-05-03,hk00402,0.275,0.285,0.27,0.27,0.275
2013-05-02,hk00402,0.275,0.28,0.27,0.275,0.275
2013-04-30,hk00402,0.265,0.305,0.26,0.275,0.255
2013-04-08,hk00402,0.25,0.255,0.25,0.255,0.255
2013-04-05,hk00402,0.25,0.255,0.245,0.255,0.25
2013-04-03,hk00402,0.249,0.255,0.249,0.25,0.249
2013-04-02,hk00402,0.249,0.25,0.249,0.249,0.249
2013-03-28,hk00402,0.239,0.249,0.239,0.249,0.249
2013-03-27,hk00402,0.25,0.25,0.248,0.249,0.25
2013-03-26,hk00402,0.241,0.25,0.235,0.25,0.249
2013-03-25,hk00402,0.25,0.25,0.232,0.249,0.25
2013-03-22,hk00402,0.245,0.255,0.245,0.25,0.247
2013-03-21,hk00402,0.247,0.248,0.246,0.247,0.247
2013-03-20,hk00402,0.246,0.25,0.245,0.247,0.246
2013-03-19,hk00402,0.225,0.255,0.225,0.246,0.236
2013-03-18,hk00402,0.219,0.245,0.206,0.236,0.219
2013-03-15,hk00402,0.2,0.22,0.2,0.219,0.201
2013-03-14,hk00402,0.189,0.204,0.189,0.201,0.185
2013-03-13,hk00402,0.172,0.192,0.172,0.185,0.179
2013-03-12,hk00402,0.176,0.179,0.172,0.179,0.179
2013-03-11,hk00402,0.185,0.185,0.17,0.179,0.178
2013-03-08,hk00402,0.178,0.178,0.178,0.178,0.178
2013-03-07,hk00402,0.175,0.178,0.174,0.178,0.18
2013-03-06,hk00402,0.177,0.18,0.177,0.18,0.18
2013-03-05,hk00402,0.184,0.184,0.178,0.18,0.179
2013-03-04,hk00402,0.187,0.188,0.179,0.179,0.18
2013-03-01,hk00402,0.181,0.184,0.18,0.18,0.184
2013-02-28,hk00402,0.185,0.185,0.18,0.184,0.18
2013-02-27,hk00402,0.181,0.184,0.18,0.18,0.185
2013-02-26,hk00402,0.188,0.19,0.182,0.185,0.188
2013-02-25,hk00402,0.184,0.188,0.183,0.188,0.187
2013-02-22,hk00402,0.186,0.188,0.18,0.187,0.188
2013-02-21,hk00402,0.183,0.189,0.182,0.188,0.193
2013-02-20,hk00402,0.19,0.194,0.18,0.193,0.19
2013-02-19,hk00402,0.182,0.19,0.18,0.19,0.194
2013-02-18,hk00402,0.197,0.197,0.187,0.194,0.195
2013-02-15,hk00402,0.195,0.195,0.195,0.195,0.195
2013-02-14,hk00402,0.195,0.195,0.195,0.195,0.197
2013-02-08,hk00402,0.186,0.21,0.186,0.197,0.19
2013-02-07,hk00402,0.185,0.191,0.182,0.19,0.182
2013-02-06,hk00402,0.181,0.187,0.181,0.182,0.182
2013-02-05,hk00402,0.183,0.183,0.181,0.182,0.181
2013-02-04,hk00402,0.19,0.19,0.18,0.181,0.186
2013-02-01,hk00402,0.171,0.195,0.171,0.186,0.19
2013-01-31,hk00402,0.192,0.192,0.19,0.19,0.189
2013-01-30,hk00402,0.192,0.193,0.189,0.189,0.193
2013-01-29,hk00402,0.193,0.193,0.191,0.193,0.191
2013-01-28,hk00402,0.197,0.197,0.191,0.191,0.192
2013-01-25,hk00402,0.192,0.2,0.187,0.192,0.196
2013-01-24,hk00402,0.195,0.205,0.195,0.196,0.192
2013-01-23,hk00402,0.192,0.195,0.19,0.192,0.19
2013-01-22,hk00402,0.194,0.195,0.19,0.19,0.196
2013-01-21,hk00402,0.192,0.196,0.192,0.196,0.196
2013-01-18,hk00402,0.19,0.199,0.19,0.196,0.19
2013-01-17,hk00402,0.191,0.191,0.17,0.19,0.194
2013-01-16,hk00402,0.19,0.195,0.188,0.194,0.188
2013-01-15,hk00402,0.187,0.19,0.187,0.188,0.19
2013-01-14,hk00402,0.189,0.19,0.187,0.19,0.186
2013-01-11,hk00402,0.191,0.191,0.182,0.186,0.196
2013-01-10,hk00402,0.197,0.197,0.185,0.196,0.193
2013-01-09,hk00402,0.196,0.196,0.193,0.193,0.195
2013-01-08,hk00402,0.195,0.195,0.193,0.195,0.195
2013-01-07,hk00402,0.192,0.2,0.189,0.195,0.187
2013-01-04,hk00402,0.185,0.19,0.184,0.187,0.184
2013-01-03,hk00402,0.188,0.189,0.184,0.184,0.189
2013-01-02,hk00402,0.19,0.196,0.189,0.189,0.19
2012-12-31,hk00402,0.19,0.194,0.189,0.19,0.186
2012-12-28,hk00402,0.189,0.19,0.185,0.186,0.189
2012-12-27,hk00402,0.188,0.195,0.188,0.189,0.19
2012-12-24,hk00402,0.19,0.19,0.188,0.19,0.195
2012-12-21,hk00402,0.195,0.2,0.191,0.195,0.188
2012-12-20,hk00402,0.188,0.188,0.188,0.188,0.189
2012-12-19,hk00402,0.19,0.194,0.187,0.189,0.187
2012-12-18,hk00402,0.19,0.196,0.187,0.187,0.187
2012-12-17,hk00402,0.186,0.189,0.186,0.187,0.19
2012-12-14,hk00402,0.18,0.192,0.18,0.19,0.186
2012-12-13,hk00402,0.203,0.203,0.186,0.186,0.206
2012-12-12,hk00402,0.219,0.222,0.206,0.206,0.219
2012-12-11,hk00402,0.231,0.231,0.218,0.219,0.228
2012-12-10,hk00402,0.214,0.232,0.213,0.228,0.227
2012-12-07,hk00402,0.235,0.235,0.22,0.227,0.229
2012-12-06,hk00402,0.222,0.25,0.21,0.229,0.224
2012-12-05,hk00402,0.207,0.225,0.193,0.224,0.207
2012-12-04,hk00402,0.195,0.21,0.195,0.207,0.04
2012-11-19,hk00402,0.04,0.041,0.04,0.04,0.04
2012-11-16,hk00402,0.04,0.042,0.039,0.04,0.041
2012-11-15,hk00402,0.042,0.043,0.04,0.041,0.043
2012-11-14,hk00402,0.043,0.043,0.042,0.043,0.044
2012-11-13,hk00402,0.043,0.045,0.042,0.044,0.044
2012-11-12,hk00402,0.044,0.046,0.043,0.044,0.043
2012-11-09,hk00402,0.043,0.045,0.042,0.043,0.044
2012-11-08,hk00402,0.043,0.045,0.043,0.044,0.044
2012-11-07,hk00402,0.045,0.046,0.043,0.044,0.045
2012-11-06,hk00402,0.045,0.047,0.044,0.045,0.044
2012-11-05,hk00402,0.048,0.048,0.044,0.044,0.048
2012-11-02,hk00402,0.049,0.049,0.046,0.048,0.049
2012-11-01,hk00402,0.049,0.05,0.047,0.049,0.049
2012-10-31,hk00402,0.046,0.049,0.046,0.049,0.046
2012-10-30,hk00402,0.044,0.046,0.044,0.046,0.043
2012-10-29,hk00402,0.039,0.044,0.038,0.043,0.039
2012-10-26,hk00402,0.038,0.039,0.037,0.039,0.039
2012-10-25,hk00402,0.04,0.04,0.037,0.039,0.04
2012-10-24,hk00402,0.036,0.04,0.036,0.04,0.036
2012-10-22,hk00402,0.034,0.036,0.034,0.036,0.035
2012-10-19,hk00402,0.034,0.035,0.033,0.035,0.033
2012-10-18,hk00402,0.033,0.033,0.033,0.033,0.033
2012-10-17,hk00402,0.033,0.033,0.033,0.033,0.034
2012-10-16,hk00402,0.033,0.034,0.033,0.034,0.033
2012-10-15,hk00402,0.034,0.034,0.033,0.033,0.033
2012-10-12,hk00402,0.034,0.034,0.032,0.033,0.034
2012-10-11,hk00402,0.033,0.036,0.032,0.034,0.033
2012-10-10,hk00402,0.032,0.033,0.032,0.033,0.032
2012-10-09,hk00402,0.032,0.033,0.031,0.032,0.032
2012-10-08,hk00402,0.031,0.033,0.031,0.032,0.032
2012-10-05,hk00402,0.032,0.032,0.031,0.032,0.032
2012-10-04,hk00402,0.031,0.032,0.031,0.032,0.032
2012-10-03,hk00402,0.032,0.033,0.031,0.032,0.032
2012-09-28,hk00402,0.031,0.032,0.031,0.032,0.031
2012-09-27,hk00402,0.029,0.032,0.029,0.031,0.029
2012-09-26,hk00402,0.03,0.03,0.029,0.029,0.03
2012-09-25,hk00402,0.031,0.031,0.03,0.03,0.031
2012-09-24,hk00402,0.032,0.032,0.03,0.031,0.032
2012-09-21,hk00402,0.031,0.032,0.031,0.032,0.031
2012-09-20,hk00402,0.03,0.033,0.03,0.031,0.031
2012-09-19,hk00402,0.029,0.032,0.029,0.031,0.03
2012-09-18,hk00402,0.03,0.031,0.029,0.03,0.03
2012-09-17,hk00402,0.03,0.03,0.029,0.03,0.03
2012-09-14,hk00402,0.031,0.031,0.03,0.03,0.03
2012-09-13,hk00402,0.03,0.03,0.029,0.03,0.03
2012-09-12,hk00402,0.03,0.031,0.03,0.03,0.029
2012-09-11,hk00402,0.029,0.03,0.029,0.029,0.03
2012-09-10,hk00402,0.03,0.03,0.029,0.03,0.03
2012-09-07,hk00402,0.03,0.031,0.029,0.03,0.031
2012-09-06,hk00402,0.031,0.031,0.03,0.031,0.03
2012-09-05,hk00402,0.032,0.032,0.029,0.03,0.032
2012-09-04,hk00402,0.029,0.034,0.029,0.032,0.03
2012-09-03,hk00402,0.031,0.032,0.029,0.03,0.033
2012-08-31,hk00402,0.034,0.036,0.03,0.033,0.035
2012-08-30,hk00402,0.036,0.036,0.035,0.035,0.036
2012-08-29,hk00402,0.035,0.037,0.035,0.036,0.037
2012-08-28,hk00402,0.036,0.037,0.035,0.037,0.037
2012-08-27,hk00402,0.037,0.037,0.036,0.037,0.038
2012-08-24,hk00402,0.036,0.039,0.036,0.038,0.037
2012-08-23,hk00402,0.037,0.038,0.036,0.037,0.037
2012-08-22,hk00402,0.037,0.037,0.036,0.037,0.037
2012-08-21,hk00402,0.038,0.043,0.037,0.037,0.039
2012-08-20,hk00402,0.038,0.04,0.038,0.039,0.039
2012-08-17,hk00402,0.037,0.039,0.037,0.039,0.038
2012-08-16,hk00402,0.038,0.04,0.038,0.038,0.04
2012-08-15,hk00402,0.039,0.04,0.038,0.04,0.04
2012-08-14,hk00402,0.037,0.046,0.037,0.04,0.037
2012-08-13,hk00402,0.038,0.039,0.037,0.037,0.039
2012-08-10,hk00402,0.041,0.041,0.039,0.039,0.042
2012-08-09,hk00402,0.041,0.045,0.041,0.042,0.043
2012-08-08,hk00402,0.041,0.062,0.041,0.043,0.039
2012-05-25,hk00402,0.039,0.04,0.038,0.039,0.038
2012-05-24,hk00402,0.039,0.039,0.038,0.038,0.039
2012-05-23,hk00402,0.038,0.039,0.038,0.039,0.04
2012-05-22,hk00402,0.038,0.04,0.038,0.04,0.039
2012-05-21,hk00402,0.037,0.04,0.037,0.039,0.04
2012-05-18,hk00402,0.039,0.04,0.038,0.04,0.038
2012-05-17,hk00402,0.038,0.038,0.037,0.038,0.039
2012-05-16,hk00402,0.039,0.04,0.037,0.039,0.04
2012-05-15,hk00402,0.04,0.041,0.039,0.04,0.042
2012-05-14,hk00402,0.04,0.043,0.04,0.042,0.04
2012-05-11,hk00402,0.041,0.042,0.039,0.04,0.041
2012-05-10,hk00402,0.043,0.043,0.041,0.041,0.042
2012-05-09,hk00402,0.04,0.043,0.039,0.042,0.04
2012-05-08,hk00402,0.04,0.041,0.04,0.04,0.039
2012-05-07,hk00402,0.04,0.041,0.039,0.039,0.041
2012-05-04,hk00402,0.041,0.041,0.04,0.041,0.041
2012-05-03,hk00402,0.041,0.041,0.04,0.041,0.041
2012-05-02,hk00402,0.041,0.042,0.041,0.041,0.042
2012-04-30,hk00402,0.041,0.043,0.041,0.042,0.041
2012-04-27,hk00402,0.042,0.043,0.041,0.041,0.043
2012-04-26,hk00402,0.043,0.044,0.043,0.043,0.042
2012-04-25,hk00402,0.041,0.043,0.041,0.042,0.043
2012-04-24,hk00402,0.044,0.044,0.041,0.043,0.043
2012-04-23,hk00402,0.044,0.044,0.043,0.043,0.046
2012-04-20,hk00402,0.043,0.047,0.043,0.046,0.043
2012-04-19,hk00402,0.042,0.043,0.042,0.043,0.042
2012-04-18,hk00402,0.041,0.05,0.04,0.042,0.043
2012-04-17,hk00402,0.041,0.043,0.04,0.043,0.041
2012-04-16,hk00402,0.042,0.042,0.041,0.041,0.042
2012-04-13,hk00402,0.042,0.042,0.042,0.042,0.042
2012-04-12,hk00402,0.042,0.042,0.042,0.042,0.042
2012-04-11,hk00402,0.043,0.043,0.042,0.042,0.043
2012-04-10,hk00402,0.045,0.045,0.042,0.043,0.044
2012-04-05,hk00402,0.043,0.044,0.043,0.044,0.043
2012-04-03,hk00402,0.041,0.043,0.041,0.043,0.042
2012-04-02,hk00402,0.041,0.042,0.041,0.042,0.043
2012-03-30,hk00402,0.043,0.043,0.042,0.043,0.044
2012-03-29,hk00402,0.044,0.044,0.041,0.044,0.044
2012-03-28,hk00402,0.044,0.044,0.042,0.044,0.045
2012-03-27,hk00402,0.047,0.047,0.045,0.045,0.046
2012-03-26,hk00402,0.046,0.046,0.046,0.046,0.046
2012-03-23,hk00402,0.046,0.046,0.044,0.046,0.046
2012-03-22,hk00402,0.046,0.047,0.046,0.046,0.047
2012-03-21,hk00402,0.048,0.048,0.045,0.047,0.048
2012-03-20,hk00402,0.047,0.048,0.046,0.048,0.048
2012-03-19,hk00402,0.047,0.048,0.047,0.048,0.048
2012-03-16,hk00402,0.048,0.048,0.047,0.048,0.048
2012-03-15,hk00402,0.048,0.048,0.048,0.048,0.048
2012-03-14,hk00402,0.05,0.05,0.048,0.048,0.048
2012-03-13,hk00402,0.049,0.049,0.048,0.048,0.049
2012-03-12,hk00402,0.05,0.05,0.049,0.049,0.05
2012-03-09,hk00402,0.048,0.05,0.046,0.05,0.047
2012-03-08,hk00402,0.049,0.049,0.047,0.047,0.047
2012-03-07,hk00402,0.048,0.048,0.047,0.047,0.048
2012-03-06,hk00402,0.05,0.05,0.048,0.048,0.051
2012-03-05,hk00402,0.051,0.051,0.05,0.051,0.052
2012-03-02,hk00402,0.051,0.052,0.05,0.052,0.05
2012-03-01,hk00402,0.052,0.052,0.05,0.05,0.052
2012-02-29,hk00402,0.05,0.052,0.05,0.052,0.051
2012-02-28,hk00402,0.052,0.052,0.05,0.051,0.052
2012-02-27,hk00402,0.051,0.052,0.051,0.052,0.052
2012-02-24,hk00402,0.052,0.052,0.05,0.052,0.052
2012-02-23,hk00402,0.052,0.054,0.051,0.052,0.052
2012-02-22,hk00402,0.051,0.053,0.051,0.052,0.051
2012-02-21,hk00402,0.051,0.051,0.05,0.051,0.051
2012-02-20,hk00402,0.052,0.053,0.05,0.051,0.052
2012-02-17,hk00402,0.051,0.054,0.051,0.052,0.051
2012-02-16,hk00402,0.051,0.052,0.05,0.051,0.052
2012-02-15,hk00402,0.051,0.053,0.05,0.052,0.052
2012-02-14,hk00402,0.052,0.052,0.051,0.052,0.053
2012-02-13,hk00402,0.051,0.054,0.051,0.053,0.053
2012-02-10,hk00402,0.055,0.055,0.052,0.053,0.055
2012-02-09,hk00402,0.056,0.057,0.055,0.055,0.055
2012-02-08,hk00402,0.055,0.057,0.053,0.055,0.055
2012-02-07,hk00402,0.054,0.06,0.053,0.055,0.052
2012-02-06,hk00402,0.052,0.053,0.049,0.052,0.052
2012-02-03,hk00402,0.052,0.053,0.051,0.052,0.052
2012-02-02,hk00402,0.053,0.055,0.051,0.052,0.053
2012-02-01,hk00402,0.05,0.058,0.05,0.053,0.048
2012-01-31,hk00402,0.05,0.05,0.048,0.048,0.05
2012-01-30,hk00402,0.05,0.05,0.049,0.05,0.05
2012-01-27,hk00402,0.051,0.051,0.05,0.05,0.051
2012-01-26,hk00402,0.05,0.052,0.05,0.051,0.05
2012-01-20,hk00402,0.05,0.05,0.049,0.05,0.05
2012-01-19,hk00402,0.049,0.051,0.048,0.05,0.051
2012-01-18,hk00402,0.05,0.051,0.049,0.051,0.05
2012-01-17,hk00402,0.049,0.051,0.048,0.05,0.05
2012-01-16,hk00402,0.049,0.051,0.049,0.05,0.05
2012-01-13,hk00402,0.048,0.05,0.047,0.05,0.047
2012-01-12,hk00402,0.046,0.048,0.046,0.047,0.046
2012-01-11,hk00402,0.046,0.047,0.045,0.046,0.046
2012-01-10,hk00402,0.046,0.047,0.046,0.046,0.045
2012-01-09,hk00402,0.045,0.045,0.044,0.045,0.045
2012-01-06,hk00402,0.047,0.047,0.045,0.045,0.047
2012-01-05,hk00402,0.046,0.047,0.046,0.047,0.046
2012-01-04,hk00402,0.045,0.046,0.045,0.046,0.046
2012-01-03,hk00402,0.046,0.046,0.045,0.046,0.046
2011-12-30,hk00402,0.047,0.047,0.046,0.046,0.047
2011-12-29,hk00402,0.048,0.048,0.047,0.047,0.049
2011-12-28,hk00402,0.048,0.049,0.047,0.049,0.048
2011-12-23,hk00402,0.049,0.049,0.047,0.048,0.049
2011-12-22,hk00402,0.048,0.049,0.048,0.049,0.049
2011-12-21,hk00402,0.048,0.05,0.047,0.049,0.048
2011-12-20,hk00402,0.049,0.051,0.047,0.048,0.049
2011-12-19,hk00402,0.048,0.049,0.047,0.049,0.049
2011-12-16,hk00402,0.047,0.049,0.047,0.049,0.048
2011-12-15,hk00402,0.048,0.048,0.046,0.048,0.048
2011-12-14,hk00402,0.049,0.051,0.048,0.048,0.049
2011-12-13,hk00402,0.05,0.057,0.048,0.049,0.053
2011-12-12,hk00402,0.044,0.054,0.043,0.053,0.044
2011-12-09,hk00402,0.042,0.044,0.04,0.044,0.044
2011-12-08,hk00402,0.042,0.044,0.042,0.044,0.042
2011-12-07,hk00402,0.044,0.045,0.042,0.042,0.044
2011-12-06,hk00402,0.042,0.045,0.041,0.044,0.042
2011-12-05,hk00402,0.043,0.043,0.041,0.042,0.043
2011-12-02,hk00402,0.041,0.043,0.041,0.043,0.042
2011-12-01,hk00402,0.043,0.044,0.042,0.042,0.042
2011-11-30,hk00402,0.039,0.042,0.039,0.042,0.039
2011-11-29,hk00402,0.04,0.041,0.039,0.039,0.039
2011-11-28,hk00402,0.039,0.041,0.039,0.039,0.039
2011-11-25,hk00402,0.038,0.04,0.037,0.039,0.041
2011-11-24,hk00402,0.041,0.042,0.04,0.041,0.04
2011-11-23,hk00402,0.039,0.041,0.035,0.04,0.041
2011-11-22,hk00402,0.041,0.042,0.039,0.041,0.043
2011-11-21,hk00402,0.042,0.044,0.042,0.043,0.042
2011-11-18,hk00402,0.045,0.045,0.042,0.042,0.043
2011-11-17,hk00402,0.043,0.045,0.043,0.043,0.044
2011-11-16,hk00402,0.045,0.045,0.043,0.044,0.045
2011-11-15,hk00402,0.046,0.046,0.045,0.045,0.047
2011-11-14,hk00402,0.05,0.05,0.047,0.047,0.047
2011-11-11,hk00402,0.045,0.048,0.044,0.047,0.041
2011-11-10,hk00402,0.047,0.047,0.041,0.041,0.048
2011-11-09,hk00402,0.049,0.05,0.047,0.048,0.049
2011-11-08,hk00402,0.05,0.05,0.049,0.049,0.049
2011-11-07,hk00402,0.05,0.05,0.048,0.049,0.051
2011-11-04,hk00402,0.058,0.058,0.049,0.051,0.05
2011-11-03,hk00402,0.051,0.052,0.049,0.05,0.049
2011-11-02,hk00402,0.047,0.05,0.047,0.049,0.05
2011-11-01,hk00402,0.05,0.051,0.047,0.05,0.051
2011-10-31,hk00402,0.053,0.055,0.051,0.051,0.053
2011-10-28,hk00402,0.054,0.056,0.053,0.053,0.052
2011-10-27,hk00402,0.051,0.053,0.049,0.052,0.051
2011-10-26,hk00402,0.052,0.052,0.048,0.051,0.051
2011-10-25,hk00402,0.051,0.052,0.05,0.051,0.05
2011-10-24,hk00402,0.05,0.051,0.049,0.05,0.049
2011-10-21,hk00402,0.048,0.05,0.046,0.049,0.048
2011-10-20,hk00402,0.049,0.049,0.047,0.048,0.05
2011-10-19,hk00402,0.049,0.05,0.048,0.05,0.048
2011-10-18,hk00402,0.052,0.052,0.048,0.048,0.051
2011-10-17,hk00402,0.055,0.055,0.051,0.051,0.052
2011-10-14,hk00402,0.055,0.055,0.052,0.052,0.053
2011-10-13,hk00402,0.054,0.054,0.051,0.053,0.05
2011-10-12,hk00402,0.051,0.051,0.05,0.05,0.049
2011-10-11,hk00402,0.05,0.051,0.049,0.049,0.048
2011-10-10,hk00402,0.049,0.05,0.045,0.048,0.048
2011-10-07,hk00402,0.045,0.05,0.043,0.048,0.046
2011-10-06,hk00402,0.043,0.046,0.043,0.046,0.044
2011-10-04,hk00402,0.042,0.044,0.041,0.044,0.042
2011-10-03,hk00402,0.045,0.045,0.041,0.042,0.045
2011-09-30,hk00402,0.046,0.046,0.045,0.045,0.046
2011-09-28,hk00402,0.045,0.047,0.044,0.046,0.046
2011-09-27,hk00402,0.042,0.047,0.042,0.046,0.044
2011-09-26,hk00402,0.049,0.05,0.041,0.044,0.048
2011-09-23,hk00402,0.05,0.05,0.047,0.048,0.052
2011-09-22,hk00402,0.053,0.054,0.05,0.052,0.053
2011-09-21,hk00402,0.051,0.055,0.051,0.053,0.054
2011-09-20,hk00402,0.056,0.056,0.052,0.054,0.054
2011-09-19,hk00402,0.054,0.057,0.052,0.054,0.058
2011-09-16,hk00402,0.056,0.058,0.055,0.058,0.055
2011-09-15,hk00402,0.054,0.058,0.054,0.055,0.055
2011-09-14,hk00402,0.057,0.057,0.053,0.055,0.056
2011-09-12,hk00402,0.057,0.057,0.055,0.056,0.058
2011-09-09,hk00402,0.059,0.06,0.058,0.058,0.058
2011-09-08,hk00402,0.059,0.059,0.057,0.058,0.057
2011-09-07,hk00402,0.056,0.057,0.056,0.057,0.055
2011-09-06,hk00402,0.058,0.058,0.055,0.055,0.058
2011-09-05,hk00402,0.058,0.059,0.057,0.058,0.061
2011-09-02,hk00402,0.06,0.061,0.059,0.061,0.061
2011-09-01,hk00402,0.061,0.063,0.061,0.061,0.062
2011-08-31,hk00402,0.06,0.062,0.06,0.062,0.06
2011-08-30,hk00402,0.06,0.063,0.06,0.06,0.059
2011-08-29,hk00402,0.059,0.059,0.059,0.059,0.059
2011-08-26,hk00402,0.059,0.06,0.058,0.059,0.06
2011-08-25,hk00402,0.061,0.061,0.059,0.06,0.059
2011-08-24,hk00402,0.06,0.06,0.058,0.059,0.06
2011-08-23,hk00402,0.057,0.06,0.056,0.06,0.06
2011-08-22,hk00402,0.062,0.065,0.056,0.06,0.062
2011-08-19,hk00402,0.06,0.062,0.057,0.062,0.064
2011-08-18,hk00402,0.066,0.068,0.063,0.064,0.069
2011-08-17,hk00402,0.07,0.072,0.068,0.069,0.068
2011-08-16,hk00402,0.07,0.072,0.068,0.068,0.07
2011-08-15,hk00402,0.067,0.072,0.067,0.07,0.067
2011-08-12,hk00402,0.06,0.068,0.06,0.067,0.06
2011-08-11,hk00402,0.052,0.06,0.052,0.06,0.056
2011-08-10,hk00402,0.059,0.061,0.056,0.056,0.055
2011-08-09,hk00402,0.052,0.059,0.049,0.055,0.057
2011-08-08,hk00402,0.063,0.063,0.052,0.057,0.063
2011-08-05,hk00402,0.065,0.067,0.062,0.063,0.068
2011-08-04,hk00402,0.068,0.07,0.066,0.068,0.068
2011-08-03,hk00402,0.07,0.07,0.066,0.068,0.07
2011-08-02,hk00402,0.071,0.071,0.068,0.07,0.071
2011-08-01,hk00402,0.071,0.072,0.069,0.071,0.071
2011-07-29,hk00402,0.07,0.072,0.07,0.071,0.069
2011-07-28,hk00402,0.07,0.072,0.069,0.069,0.072
2011-07-27,hk00402,0.069,0.073,0.069,0.072,0.07
2011-07-26,hk00402,0.068,0.071,0.068,0.07,0.07
2011-07-25,hk00402,0.069,0.071,0.068,0.07,0.069
2011-07-22,hk00402,0.068,0.075,0.068,0.069,0.068
2011-07-21,hk00402,0.069,0.069,0.068,0.068,0.071
2011-07-20,hk00402,0.071,0.073,0.069,0.071,0.068
2011-07-19,hk00402,0.068,0.07,0.066,0.068,0.07
2011-07-18,hk00402,0.076,0.076,0.062,0.07,0.076
2011-07-15,hk00402,0.079,0.079,0.074,0.076,0.079
2011-07-14,hk00402,0.074,0.079,0.074,0.079,0.076
2011-07-13,hk00402,0.073,0.078,0.073,0.076,0.073
2011-07-12,hk00402,0.077,0.077,0.073,0.073,0.078
2011-07-11,hk00402,0.08,0.08,0.075,0.078,0.081
2011-07-08,hk00402,0.081,0.081,0.077,0.081,0.081
2011-07-07,hk00402,0.081,0.084,0.079,0.081,0.081
2011-07-06,hk00402,0.079,0.082,0.077,0.081,0.077
2011-07-05,hk00402,0.075,0.078,0.074,0.077,0.075
2011-07-04,hk00402,0.071,0.076,0.071,0.075,0.071
2011-06-30,hk00402,0.068,0.076,0.067,0.071,0.068
2011-06-29,hk00402,0.068,0.069,0.066,0.068,0.068
2011-06-28,hk00402,0.068,0.068,0.065,0.068,0.069
2011-06-27,hk00402,0.068,0.07,0.067,0.069,0.07
2011-06-24,hk00402,0.066,0.07,0.066,0.07,0.067
2011-06-23,hk00402,0.067,0.068,0.067,0.067,0.069
2011-06-22,hk00402,0.069,0.072,0.068,0.069,0.07
2011-06-21,hk00402,0.071,0.071,0.069,0.07,0.069
2011-06-20,hk00402,0.066,0.07,0.066,0.069,0.066
2011-06-17,hk00402,0.068,0.069,0.062,0.066,0.07
2011-06-16,hk00402,0.07,0.073,0.067,0.07,0.074
2011-06-15,hk00402,0.077,0.077,0.074,0.074,0.077
2011-06-14,hk00402,0.078,0.078,0.076,0.077,0.078
2011-06-13,hk00402,0.074,0.078,0.074,0.078,0.076
2011-06-10,hk00402,0.078,0.078,0.076,0.076,0.079
2011-06-09,hk00402,0.079,0.08,0.075,0.079,0.083
2011-06-08,hk00402,0.082,0.083,0.077,0.083,0.084
2011-06-07,hk00402,0.084,0.085,0.082,0.084,0.084
2011-06-03,hk00402,0.088,0.088,0.084,0.084,0.086
2011-06-02,hk00402,0.087,0.087,0.085,0.086,0.088
2011-06-01,hk00402,0.088,0.089,0.087,0.088,0.087
2011-05-31,hk00402,0.085,0.087,0.085,0.087,0.085
2011-05-30,hk00402,0.088,0.09,0.083,0.085,0.089
2011-05-27,hk00402,0.087,0.09,0.087,0.089,0.087
2011-05-26,hk00402,0.091,0.091,0.087,0.087,0.09
2011-05-25,hk00402,0.092,0.092,0.087,0.09,0.092
2011-05-24,hk00402,0.09,0.093,0.09,0.092,0.091
2011-05-23,hk00402,0.09,0.092,0.089,0.091,0.091
2011-05-20,hk00402,0.094,0.095,0.089,0.091,0.095
2011-05-19,hk00402,0.097,0.098,0.094,0.095,0.096
2011-05-18,hk00402,0.097,0.099,0.094,0.096,0.096
2011-05-17,hk00402,0.09,0.097,0.09,0.096,0.092
2011-05-16,hk00402,0.095,0.095,0.091,0.092,0.095
2011-05-13,hk00402,0.102,0.102,0.093,0.095,0.103
2011-05-12,hk00402,0.103,0.105,0.1,0.103,0.106
2011-05-11,hk00402,0.111,0.111,0.104,0.106,0.11
2011-05-09,hk00402,0.111,0.114,0.109,0.11,0.109
2011-05-06,hk00402,0.105,0.111,0.105,0.109,0.11
2011-05-05,hk00402,0.105,0.113,0.102,0.11,0.104
2011-05-04,hk00402,0.11,0.11,0.1,0.104,0.109
2011-05-03,hk00402,0.111,0.117,0.108,0.109,0.11
2011-04-29,hk00402,0.112,0.112,0.099,0.11,0.109
2011-04-28,hk00402,0.115,0.126,0.108,0.109,0.112
2011-04-27,hk00402,0.098,0.116,0.096,0.112,0.097
2011-04-26,hk00402,0.097,0.098,0.092,0.097,0.096
2011-04-21,hk00402,0.09,0.099,0.09,0.096,0.09
2011-04-20,hk00402,0.089,0.091,0.088,0.09,0.087
2011-04-19,hk00402,0.087,0.089,0.087,0.087,0.089
2011-04-18,hk00402,0.088,0.091,0.086,0.089,0.087
2011-04-15,hk00402,0.09,0.091,0.086,0.087,0.09
2011-04-14,hk00402,0.091,0.093,0.089,0.09,0.091
2011-04-13,hk00402,0.09,0.092,0.088,0.091,0.091
2011-04-12,hk00402,0.094,0.095,0.088,0.091,0.093
2011-04-11,hk00402,0.087,0.096,0.087,0.093,0.088
2011-04-08,hk00402,0.086,0.089,0.086,0.088,0.088
2011-04-07,hk00402,0.091,0.092,0.086,0.088,0.089
2011-04-06,hk00402,0.083,0.09,0.082,0.089,0.082
2011-04-04,hk00402,0.08,0.083,0.079,0.082,0.08
2011-04-01,hk00402,0.083,0.083,0.078,0.08,0.082
2011-03-31,hk00402,0.083,0.085,0.079,0.082,0.082
2011-03-30,hk00402,0.076,0.083,0.076,0.082,0.076
2011-03-29,hk00402,0.075,0.077,0.075,0.076,0.075
2011-03-28,hk00402,0.078,0.079,0.075,0.075,0.076
2011-03-25,hk00402,0.076,0.078,0.076,0.076,0.076
2011-03-24,hk00402,0.079,0.079,0.074,0.076,0.079
2011-03-23,hk00402,0.08,0.081,0.076,0.079,0.083
2011-03-22,hk00402,0.083,0.084,0.08,0.083,0.082
2011-03-21,hk00402,0.083,0.086,0.078,0.082,0.08
2011-03-18,hk00402,0.075,0.095,0.075,0.08,0.074
2011-03-17,hk00402,0.077,0.08,0.072,0.074,0.078
2011-03-16,hk00402,0.075,0.08,0.075,0.078,0.075
2011-03-15,hk00402,0.08,0.08,0.073,0.075,0.08
2011-03-14,hk00402,0.086,0.086,0.078,0.08,0.086
2011-03-11,hk00402,0.092,0.092,0.084,0.086,0.092
2011-03-10,hk00402,0.097,0.097,0.091,0.092,0.096
2011-03-09,hk00402,0.09,0.1,0.09,0.096,0.091
2011-03-08,hk00402,0.102,0.102,0.089,0.091,0.099
2011-03-07,hk00402,0.085,0.106,0.085,0.099,0.084
2011-03-04,hk00402,0.07,0.085,0.07,0.084,0.07
2011-03-03,hk00402,0.068,0.071,0.068,0.07,0.068
2011-03-02,hk00402,0.065,0.069,0.064,0.068,0.067
2011-03-01,hk00402,0.066,0.073,0.065,0.067,0.065
2011-02-28,hk00402,0.069,0.069,0.061,0.065,0.069
2011-02-25,hk00402,0.076,0.076,0.065,0.069,0.076
2011-02-24,hk00402,0.079,0.08,0.074,0.076,0.078
2011-02-23,hk00402,0.077,0.078,0.076,0.078,0.078
2011-02-22,hk00402,0.082,0.082,0.076,0.078,0.082
2011-02-21,hk00402,0.084,0.085,0.081,0.082,0.084
2011-02-18,hk00402,0.079,0.085,0.079,0.084,0.079
2011-02-17,hk00402,0.081,0.081,0.074,0.079,0.077
2011-02-16,hk00402,0.087,0.087,0.074,0.077,0.087
2011-02-15,hk00402,0.099,0.099,0.085,0.087,0.099
2011-02-14,hk00402,0.099,0.1,0.098,0.099,0.098
2011-02-11,hk00402,0.1,0.101,0.097,0.098,0.1
2011-02-10,hk00402,0.103,0.103,0.099,0.1,0.102
2011-02-09,hk00402,0.103,0.103,0.101,0.102,0.104
2011-02-08,hk00402,0.104,0.104,0.102,0.104,0.103
2011-02-07,hk00402,0.107,0.107,0.102,0.103,0.105
2011-02-02,hk00402,0.103,0.105,0.103,0.105,0.103
2011-02-01,hk00402,0.102,0.104,0.102,0.103,0.102
2011-01-31,hk00402,0.104,0.105,0.1,0.102,0.104
2011-01-28,hk00402,0.106,0.106,0.103,0.104,0.104
2011-01-27,hk00402,0.104,0.107,0.103,0.104,0.104
2011-01-26,hk00402,0.102,0.111,0.101,0.104,0.101
2011-01-25,hk00402,0.11,0.111,0.099,0.101,0.107
2011-01-24,hk00402,0.121,0.122,0.105,0.107,0.122
2011-01-21,hk00402,0.122,0.123,0.12,0.122,0.121
2011-01-20,hk00402,0.128,0.128,0.119,0.121,0.124
2011-01-19,hk00402,0.122,0.125,0.122,0.124,0.122
2011-01-18,hk00402,0.121,0.125,0.121,0.122,0.121
2011-01-17,hk00402,0.127,0.13,0.12,0.121,0.128
2011-01-14,hk00402,0.124,0.132,0.124,0.128,0.124
2011-01-13,hk00402,0.127,0.127,0.123,0.124,0.127
2011-01-12,hk00402,0.132,0.132,0.123,0.127,0.132
2011-01-11,hk00402,0.138,0.138,0.13,0.132,0.139
2011-01-10,hk00402,0.143,0.143,0.135,0.139,0.143
2011-01-07,hk00402,0.145,0.145,0.139,0.143,0.144
2011-01-06,hk00402,0.146,0.147,0.139,0.144,0.144
2011-01-05,hk00402,0.148,0.148,0.142,0.144,0.149
2011-01-04,hk00402,0.143,0.15,0.141,0.149,0.142
2011-01-03,hk00402,0.145,0.145,0.136,0.142,0.148
2010-12-31,hk00402,0.153,0.153,0.142,0.148,0.151
2010-12-30,hk00402,0.141,0.152,0.139,0.151,0.139
2010-12-29,hk00402,0.13,0.139,0.13,0.139,0.13
2010-12-28,hk00402,0.129,0.131,0.125,0.13,0.13
2010-12-24,hk00402,0.128,0.13,0.127,0.13,0.125
2010-12-23,hk00402,0.127,0.127,0.124,0.125,0.127
2010-12-22,hk00402,0.13,0.131,0.124,0.127,0.129
2010-12-21,hk00402,0.12,0.136,0.118,0.129,0.12
2010-12-20,hk00402,0.119,0.12,0.108,0.12,0.119
2010-12-17,hk00402,0.124,0.125,0.116,0.119,0.125
2010-12-16,hk00402,0.134,0.134,0.122,0.125,0.134
2010-12-15,hk00402,0.136,0.138,0.131,0.134,0.134
2010-12-14,hk00402,0.136,0.14,0.133,0.134,0.138
2010-12-13,hk00402,0.14,0.143,0.136,0.138,0.141
2010-12-10,hk00402,0.142,0.146,0.141,0.141,0.142
2010-12-09,hk00402,0.142,0.146,0.142,0.142,0.143
2010-12-08,hk00402,0.147,0.148,0.14,0.143,0.146
2010-12-07,hk00402,0.152,0.154,0.146,0.146,0.153
2010-12-06,hk00402,0.155,0.155,0.152,0.153,0.152
2010-12-03,hk00402,0.152,0.155,0.151,0.152,0.152
2010-12-02,hk00402,0.154,0.158,0.151,0.152,0.154
2010-12-01,hk00402,0.151,0.157,0.149,0.154,0.151
2010-11-30,hk00402,0.158,0.158,0.149,0.151,0.158
2010-11-29,hk00402,0.165,0.165,0.153,0.158,0.165
2010-11-26,hk00402,0.167,0.17,0.164,0.165,0.167
2010-11-25,hk00402,0.17,0.171,0.166,0.167,0.17
2010-11-24,hk00402,0.172,0.179,0.166,0.17,0.167
2010-11-23,hk00402,0.174,0.174,0.166,0.167,0.173
2010-11-22,hk00402,0.174,0.174,0.17,0.173,0.174
2010-11-19,hk00402,0.178,0.183,0.172,0.174,0.175
2010-11-18,hk00402,0.17,0.177,0.17,0.175,0.17
2010-11-17,hk00402,0.175,0.175,0.168,0.17,0.177
2010-11-16,hk00402,0.19,0.19,0.173,0.177,0.19
2010-11-15,hk00402,0.194,0.197,0.187,0.19,0.193
2010-11-12,hk00402,0.202,0.202,0.186,0.193,0.202
2010-11-11,hk00402,0.207,0.207,0.2,0.202,0.205
2010-11-10,hk00402,0.211,0.215,0.203,0.205,0.212
2010-11-09,hk00402,0.203,0.216,0.202,0.212,0.2
2010-11-08,hk00402,0.195,0.202,0.195,0.2,0.195
2010-11-05,hk00402,0.201,0.201,0.194,0.195,0.2
2010-11-04,hk00402,0.202,0.206,0.196,0.2,0.201
2010-11-03,hk00402,0.198,0.208,0.193,0.201,0.194
2010-11-02,hk00402,0.186,0.207,0.186,0.194,0.186
2010-11-01,hk00402,0.194,0.195,0.184,0.186,0.19
2010-10-29,hk00402,0.208,0.21,0.185,0.19,0.208
2010-10-28,hk00402,0.176,0.22,0.174,0.208,0.175
2010-10-27,hk00402,0.172,0.177,0.17,0.175,0.168
2010-10-26,hk00402,0.171,0.172,0.167,0.168,0.171
2010-10-25,hk00402,0.175,0.176,0.17,0.171,0.173
2010-10-22,hk00402,0.166,0.177,0.166,0.173,0.167
2010-10-21,hk00402,0.168,0.169,0.165,0.167,0.168
2010-10-20,hk00402,0.169,0.169,0.165,0.168,0.17
2010-10-19,hk00402,0.167,0.17,0.167,0.17,0.167
2010-10-18,hk00402,0.17,0.17,0.166,0.167,0.168
2010-10-15,hk00402,0.174,0.175,0.165,0.168,0.174
2010-10-14,hk00402,0.17,0.178,0.167,0.174,0.165
2010-10-13,hk00402,0.164,0.168,0.164,0.165,0.167
2010-10-12,hk00402,0.169,0.171,0.165,0.167,0.169
2010-10-11,hk00402,0.173,0.177,0.168,0.169,0.171
2010-10-08,hk00402,0.168,0.173,0.168,0.171,0.17
2010-10-07,hk00402,0.171,0.174,0.166,0.17,0.173
2010-10-06,hk00402,0.174,0.176,0.171,0.173,0.174
2010-10-05,hk00402,0.175,0.175,0.169,0.174,0.175
2010-10-04,hk00402,0.175,0.181,0.174,0.175,0.172
2010-09-30,hk00402,0.163,0.176,0.163,0.172,0.163
2010-09-29,hk00402,0.158,0.163,0.157,0.163,0.156
2010-09-28,hk00402,0.16,0.16,0.155,0.156,0.16
2010-09-27,hk00402,0.161,0.163,0.159,0.16,0.16
2010-09-24,hk00402,0.16,0.162,0.16,0.16,0.16
2010-09-22,hk00402,0.163,0.164,0.16,0.16,0.163
2010-09-21,hk00402,0.161,0.165,0.161,0.163,0.163
2010-09-20,hk00402,0.165,0.165,0.161,0.163,0.165
2010-09-17,hk00402,0.165,0.167,0.164,0.165,0.164
2010-09-16,hk00402,0.166,0.167,0.158,0.164,0.167
2010-09-15,hk00402,0.173,0.173,0.166,0.167,0.17
2010-09-14,hk00402,0.169,0.176,0.167,0.17,0.168
2010-09-13,hk00402,0.163,0.17,0.162,0.168,0.163
2010-09-10,hk00402,0.168,0.168,0.162,0.163,0.162
2010-09-09,hk00402,0.169,0.17,0.161,0.162,0.166
2010-09-08,hk00402,0.166,0.171,0.165,0.166,0.166
2010-09-07,hk00402,0.173,0.173,0.163,0.166,0.173
2010-09-06,hk00402,0.17,0.177,0.167,0.173,0.17
2010-09-03,hk00402,0.163,0.176,0.16,0.17,0.162
2010-09-02,hk00402,0.155,0.165,0.15,0.162,0.15
2010-09-01,hk00402,0.147,0.151,0.146,0.15,0.144
2010-08-31,hk00402,0.142,0.147,0.142,0.144,0.146
2010-08-30,hk00402,0.155,0.155,0.145,0.146,0.152
2010-08-27,hk00402,0.152,0.153,0.149,0.152,0.15
2010-08-26,hk00402,0.155,0.156,0.15,0.15,0.154
2010-08-25,hk00402,0.157,0.159,0.154,0.154,0.157
2010-08-24,hk00402,0.159,0.16,0.156,0.157,0.159
2010-08-23,hk00402,0.162,0.164,0.158,0.159,0.161
2010-08-20,hk00402,0.158,0.166,0.158,0.161,0.158
2010-08-19,hk00402,0.16,0.164,0.157,0.158,0.161
2010-08-18,hk00402,0.164,0.164,0.16,0.161,0.161
2010-08-17,hk00402,0.163,0.163,0.16,0.161,0.163
2010-08-16,hk00402,0.165,0.165,0.162,0.163,0.165
2010-08-13,hk00402,0.164,0.166,0.162,0.165,0.164
2010-08-12,hk00402,0.162,0.165,0.161,0.164,0.165
2010-08-11,hk00402,0.171,0.172,0.163,0.165,0.171
2010-08-10,hk00402,0.178,0.179,0.17,0.171,0.175
2010-08-09,hk00402,0.173,0.18,0.173,0.175,0.173
2010-08-06,hk00402,0.174,0.175,0.171,0.173,0.175
2010-08-05,hk00402,0.172,0.181,0.172,0.175,0.172
2010-08-04,hk00402,0.165,0.174,0.165,0.172,0.168
2010-08-03,hk00402,0.185,0.185,0.167,0.168,0.183
2010-08-02,hk00402,0.184,0.186,0.181,0.183,0.184
2010-07-30,hk00402,0.187,0.187,0.178,0.184,0.187
2010-07-29,hk00402,0.182,0.191,0.178,0.187,0.181
2010-07-28,hk00402,0.16,0.181,0.16,0.181,0.159
2010-07-27,hk00402,0.158,0.16,0.155,0.159,0.156
2010-07-26,hk00402,0.155,0.161,0.155,0.156,0.155
2010-07-23,hk00402,0.157,0.162,0.153,0.155,0.151
2010-07-22,hk00402,0.137,0.157,0.137,0.151,0.14
2010-07-21,hk00402,0.14,0.14,0.136,0.14,0.14
2010-07-20,hk00402,0.141,0.141,0.137,0.14,0.139
2010-07-19,hk00402,0.133,0.142,0.133,0.139,0.133
2010-07-16,hk00402,0.138,0.14,0.132,0.133,0.136
2010-07-15,hk00402,0.143,0.144,0.136,0.136,0.141
2010-07-14,hk00402,0.149,0.149,0.141,0.141,0.145
2010-07-13,hk00402,0.147,0.147,0.142,0.145,0.146
2010-07-12,hk00402,0.144,0.151,0.142,0.146,0.14
2010-07-09,hk00402,0.143,0.146,0.139,0.14,0.144
2010-07-08,hk00402,0.153,0.153,0.143,0.144,0.156
2010-07-07,hk00402,0.139,0.16,0.139,0.156,0.138
2010-07-06,hk00402,0.132,0.141,0.132,0.138,0.137
2010-07-05,hk00402,0.15,0.15,0.137,0.137,0.149
2010-07-02,hk00402,0.162,0.164,0.142,0.149,0.161
2010-06-30,hk00402,0.165,0.165,0.159,0.161,0.165
2010-06-29,hk00402,0.174,0.175,0.163,0.165,0.173
2010-06-28,hk00402,0.182,0.186,0.17,0.173,0.179
2010-06-25,hk00402,0.178,0.183,0.177,0.179,0.178
2010-06-24,hk00402,0.171,0.186,0.171,0.178,0.17
2010-06-23,hk00402,0.173,0.173,0.167,0.17,0.172
2010-06-22,hk00402,0.176,0.176,0.163,0.172,0.174
2010-06-21,hk00402,0.187,0.195,0.171,0.174,0.183
2010-06-18,hk00402,0.18,0.19,0.149,0.183,0.216
2010-06-17,hk00402,0.35,0.35,0.211,0.216,0.35
2010-06-15,hk00402,0.36,0.36,0.345,0.35,0.35
2010-06-14,hk00402,0.375,0.375,0.35,0.35,0.375
2010-06-11,hk00402,0.395,0.395,0.35,0.375,0.375
2010-06-10,hk00402,0.4,0.4,0.37,0.375,0.405
2010-06-09,hk00402,0.4,0.425,0.39,0.405,0.4
2010-06-08,hk00402,0.4,0.41,0.385,0.4,0.4
2010-06-07,hk00402,0.405,0.405,0.4,0.4,0.41
2010-06-04,hk00402,0.4,0.425,0.4,0.41,0.425
2010-06-03,hk00402,0.445,0.445,0.42,0.425,0.445
2010-06-02,hk00402,0.455,0.46,0.435,0.445,0.46
2010-06-01,hk00402,0.48,0.485,0.46,0.46,0.475
2010-05-31,hk00402,0.5,0.5,0.46,0.475,0.47
2010-05-28,hk00402,0.475,0.48,0.46,0.47,0.455
2010-05-27,hk00402,0.42,0.47,0.42,0.455,0.42
2010-05-26,hk00402,0.4,0.42,0.4,0.42,0.4
2010-05-25,hk00402,0.425,0.425,0.39,0.4,0.44
2010-05-24,hk00402,0.435,0.49,0.42,0.44,0.485
2010-05-20,hk00402,0.53,0.53,0.48,0.485,0.53
2010-05-19,hk00402,0.55,0.55,0.5,0.53,0.58
2010-05-18,hk00402,0.59,0.59,0.56,0.58,0.59
2010-05-17,hk00402,0.65,0.65,0.59,0.59,0.6
2010-05-14,hk00402,0.61,0.62,0.6,0.6,0.61
2010-05-13,hk00402,0.61,0.62,0.61,0.61,0.62
2010-05-12,hk00402,0.64,0.64,0.62,0.62,0.63
2010-05-11,hk00402,0.66,0.67,0.61,0.63,0.66
2010-05-10,hk00402,0.66,0.68,0.64,0.66,0.64
2010-05-07,hk00402,0.62,0.66,0.61,0.64,0.64
2010-05-06,hk00402,0.64,0.65,0.6,0.64,0.65
2010-05-05,hk00402,0.66,0.66,0.64,0.65,0.67
2010-05-04,hk00402,0.66,0.67,0.64,0.67,0.67
2010-05-03,hk00402,0.67,0.69,0.67,0.67,0.68
2010-04-30,hk00402,0.69,0.69,0.67,0.68,0.69
2010-04-29,hk00402,0.67,0.74,0.67,0.69,0.66
2010-04-28,hk00402,0.63,0.67,0.63,0.66,0.65
2010-04-27,hk00402,0.64,0.65,0.62,0.65,0.64
2010-04-26,hk00402,0.65,0.66,0.64,0.64,0.64
2010-04-23,hk00402,0.65,0.66,0.63,0.64,0.64
2010-04-22,hk00402,0.61,0.65,0.61,0.64,0.62
2010-04-21,hk00402,0.6,0.62,0.6,0.62,0.6
2010-04-20,hk00402,0.61,0.61,0.6,0.6,0.61
2010-04-19,hk00402,0.61,0.61,0.6,0.61,0.61
2010-04-16,hk00402,0.61,0.62,0.6,0.61,0.62
2010-04-15,hk00402,0.63,0.63,0.62,0.62,0.63
2010-04-14,hk00402,0.63,0.63,0.62,0.63,0.63
2010-04-13,hk00402,0.62,0.64,0.62,0.63,0.63
2010-04-12,hk00402,0.65,0.65,0.62,0.63,0.64
2010-04-09,hk00402,0.63,0.65,0.63,0.64,0.64
2010-04-08,hk00402,0.64,0.66,0.6,0.64,0.65
2010-04-07,hk00402,0.66,0.68,0.65,0.65,0.67
2010-04-01,hk00402,0.68,0.68,0.66,0.67,0.66
2010-03-31,hk00402,0.66,0.68,0.66,0.66,0.66
2010-03-30,hk00402,0.67,0.67,0.66,0.66,0.68
2010-03-29,hk00402,0.68,0.7,0.67,0.68,0.66
2010-03-26,hk00402,0.65,0.67,0.65,0.66,0.66
2010-03-25,hk00402,0.66,0.67,0.64,0.66,0.67
2010-03-24,hk00402,0.71,0.71,0.67,0.67,0.7
2010-03-23,hk00402,0.72,0.75,0.69,0.7,0.72
2010-03-22,hk00402,0.66,0.73,0.65,0.72,0.66
2010-03-19,hk00402,0.61,0.67,0.6,0.66,0.61
2010-03-18,hk00402,0.61,0.61,0.6,0.61,0.62
2010-03-17,hk00402,0.61,0.63,0.6,0.62,0.62
2010-03-16,hk00402,0.65,0.65,0.61,0.62,0.65
2010-03-15,hk00402,0.66,0.66,0.62,0.65,0.64
2010-03-12,hk00402,0.67,0.68,0.63,0.64,0.67
2010-03-11,hk00402,0.69,0.71,0.66,0.67,0.66
2010-03-10,hk00402,0.59,0.72,0.58,0.66,0.57
2010-03-09,hk00402,0.57,0.58,0.57,0.57,0.57
2010-03-08,hk00402,0.58,0.58,0.57,0.57,0.58
2010-03-05,hk00402,0.58,0.58,0.57,0.58,0.58
2010-03-04,hk00402,0.58,0.58,0.57,0.58,0.59
2010-03-03,hk00402,0.58,0.59,0.58,0.59,0.58
2010-03-02,hk00402,0.59,0.59,0.58,0.58,0.58
2010-03-01,hk00402,0.58,0.59,0.57,0.58,0.58
2010-02-26,hk00402,0.58,0.59,0.57,0.58,0.58
2010-02-25,hk00402,0.58,0.58,0.57,0.58,0.58
2010-02-24,hk00402,0.58,0.58,0.57,0.58,0.58
2010-02-23,hk00402,0.57,0.59,0.57,0.58,0.57
2010-02-22,hk00402,0.57,0.57,0.56,0.57,0.57
2010-02-19,hk00402,0.58,0.58,0.56,0.57,0.58
2010-02-18,hk00402,0.59,0.59,0.57,0.58,0.61
2010-02-17,hk00402,0.59,0.61,0.59,0.61,0.6
2010-02-12,hk00402,0.6,0.6,0.59,0.6,0.58
2010-02-11,hk00402,0.58,0.6,0.58,0.58,0.58
2010-02-10,hk00402,0.58,0.58,0.57,0.58,0.59
2010-02-09,hk00402,0.57,0.6,0.57,0.59,0.6
2010-02-08,hk00402,0.56,0.6,0.56,0.6,0.57
2010-02-05,hk00402,0.57,0.57,0.55,0.57,0.57
2010-02-04,hk00402,0.58,0.59,0.56,0.57,0.59
2010-02-03,hk00402,0.6,0.6,0.59,0.59,0.6
2010-02-02,hk00402,0.59,0.62,0.59,0.6,0.58
2010-02-01,hk00402,0.58,0.58,0.58,0.58,0.58
2010-01-29,hk00402,0.6,0.6,0.57,0.58,0.61
2010-01-28,hk00402,0.57,0.62,0.57,0.61,0.58
2010-01-27,hk00402,0.59,0.6,0.57,0.58,0.6
2010-01-26,hk00402,0.61,0.61,0.59,0.6,0.63
2010-01-25,hk00402,0.62,0.63,0.61,0.63,0.63
2010-01-22,hk00402,0.64,0.64,0.6,0.63,0.65
2010-01-21,hk00402,0.66,0.67,0.64,0.65,0.67
2010-01-20,hk00402,0.7,0.7,0.66,0.67,0.7
2010-01-19,hk00402,0.67,0.72,0.66,0.7,0.68
2010-01-18,hk00402,0.65,0.69,0.65,0.68,0.67
2010-01-15,hk00402,0.68,0.69,0.66,0.67,0.66
2010-01-14,hk00402,0.7,0.73,0.64,0.66,0.7
2010-01-13,hk00402,0.68,0.76,0.64,0.7,0.68
2010-01-12,hk00402,0.56,0.73,0.56,0.68,0.55
2010-01-11,hk00402,0.55,0.56,0.54,0.55,0.56
2010-01-08,hk00402,0.56,0.57,0.51,0.56,0.58
2010-01-07,hk00402,0.57,0.6,0.56,0.58,0.57
2010-01-06,hk00402,0.57,0.59,0.55,0.57,0.58
2010-01-05,hk00402,0.59,0.59,0.57,0.58,0.6
2010-01-04,hk00402,0.63,0.63,0.58,0.6,0.62
2009-12-31,hk00402,0.63,0.65,0.59,0.62,0.61
2009-12-30,hk00402,0.69,0.69,0.5,0.61,0.73
2009-12-04,hk00402,0.73,0.77,0.72,0.73,0.74
2009-12-03,hk00402,0.74,0.75,0.69,0.74,0.73
2009-12-02,hk00402,0.78,0.81,0.72,0.73,0.77
2009-12-01,hk00402,0.82,0.82,0.73,0.77,0.81
2009-11-30,hk00402,0.76,0.9,0.76,0.81,0.74
2009-11-27,hk00402,0.74,0.81,0.71,0.74,0.75
2009-11-26,hk00402,0.67,0.85,0.67,0.75,0.67
2009-11-25,hk00402,0.74,0.75,0.66,0.67,0.76
2009-11-24,hk00402,0.5,0.85,0.49,0.76,0.48
2009-11-23,hk00402,0.445,0.48,0.445,0.48,0.445
2009-11-20,hk00402,0.445,0.455,0.435,0.445,0.44
2009-11-19,hk00402,0.455,0.485,0.44,0.44,0.46
2009-11-18,hk00402,0.465,0.475,0.45,0.46,0.48
2009-11-17,hk00402,0.51,0.51,0.46,0.48,0.51
2009-11-16,hk00402,0.45,0.54,0.45,0.51,0.34
2009-11-12,hk00402,0.37,0.4,0.34,0.34,0.355
2009-11-11,hk00402,0.365,0.395,0.35,0.355,0.355
2009-11-10,hk00402,0.345,0.36,0.345,0.355,0.355
2009-11-09,hk00402,0.345,0.365,0.345,0.355,0.35
2009-11-06,hk00402,0.365,0.365,0.345,0.35,0.365
2009-11-05,hk00402,0.34,0.37,0.34,0.365,0.345
2009-11-04,hk00402,0.335,0.345,0.335,0.345,0.33
2009-11-03,hk00402,0.33,0.33,0.33,0.33,0.34
2009-11-02,hk00402,0.34,0.34,0.34,0.34,0.34
2009-10-30,hk00402,0.34,0.34,0.335,0.34,0.33
2009-10-29,hk00402,0.33,0.33,0.33,0.33,0.335
2009-10-28,hk00402,0.335,0.35,0.335,0.335,0.335
2009-10-27,hk00402,0.335,0.335,0.335,0.335,0.345
2009-10-23,hk00402,0.35,0.36,0.345,0.345,0.34
2009-10-22,hk00402,0.35,0.35,0.335,0.34,0.33
2009-10-21,hk00402,0.33,0.33,0.33,0.33,0.34
2009-10-20,hk00402,0.345,0.345,0.34,0.34,0.34
2009-10-19,hk00402,0.33,0.35,0.33,0.34,0.33
2009-10-16,hk00402,0.34,0.34,0.33,0.33,0.35
2009-10-15,hk00402,0.35,0.355,0.34,0.35,0.355
2009-10-14,hk00402,0.34,0.355,0.34,0.355,0.345
2009-10-13,hk00402,0.35,0.36,0.33,0.345,0.345
2009-10-12,hk00402,0.34,0.345,0.34,0.345,0.345
2009-10-09,hk00402,0.35,0.35,0.33,0.345,0.325
2009-10-08,hk00402,0.335,0.34,0.325,0.325,0.335
2009-10-07,hk00402,0.34,0.345,0.335,0.335,0.34
2009-10-06,hk00402,0.335,0.34,0.335,0.34,0.335
2009-10-02,hk00402,0.345,0.345,0.335,0.34,0.35
2009-09-30,hk00402,0.405,0.405,0.345,0.35,0.345
2009-09-29,hk00402,0.345,0.345,0.345,0.345,0.345
2009-09-28,hk00402,0.36,0.36,0.345,0.345,0.36
2009-09-25,hk00402,0.36,0.36,0.35,0.36,0.365
2009-09-24,hk00402,0.365,0.375,0.365,0.365,0.37
2009-09-23,hk00402,0.365,0.37,0.365,0.37,0.365
2009-09-22,hk00402,0.365,0.37,0.365,0.365,0.37
2009-09-21,hk00402,0.37,0.37,0.37,0.37,0.37
2009-09-18,hk00402,0.365,0.375,0.365,0.37,0.375
2009-09-17,hk00402,0.365,0.375,0.365,0.375,0.365
2009-09-16,hk00402,0.365,0.38,0.36,0.365,0.365
2009-09-15,hk00402,0.35,0.365,0.35,0.365,0.345
2009-09-14,hk00402,0.375,0.375,0.34,0.345,0.38
2009-09-11,hk00402,0.38,0.385,0.38,0.38,0.385
2009-09-10,hk00402,0.38,0.385,0.38,0.385,0.38
2009-09-09,hk00402,0.405,0.405,0.38,0.38,0.385
2009-09-08,hk00402,0.38,0.385,0.38,0.385,0.38
2009-09-07,hk00402,0.39,0.4,0.38,0.38,0.39
2009-09-04,hk00402,0.4,0.405,0.39,0.39,0.39
2009-09-03,hk00402,0.4,0.405,0.39,0.39,0.4
2009-09-02,hk00402,0.4,0.405,0.39,0.4,0.41
2009-09-01,hk00402,0.4,0.425,0.4,0.41,0.405
2009-08-31,hk00402,0.405,0.41,0.38,0.405,0.385
2009-08-28,hk00402,0.37,0.385,0.37,0.385,0.38
2009-08-27,hk00402,0.39,0.39,0.375,0.38,0.39
2009-08-26,hk00402,0.4,0.405,0.39,0.39,0.385
2009-08-25,hk00402,0.37,0.395,0.37,0.385,0.35
2009-08-24,hk00402,0.355,0.355,0.345,0.35,0.355
2009-08-21,hk00402,0.37,0.37,0.355,0.355,0.36
2009-08-20,hk00402,0.35,0.365,0.35,0.36,0.35
2009-08-19,hk00402,0.36,0.365,0.35,0.35,0.365
2009-08-18,hk00402,0.37,0.375,0.35,0.365,0.365
2009-08-17,hk00402,0.38,0.38,0.36,0.365,0.38
2009-08-14,hk00402,0.38,0.385,0.365,0.38,0.38
2009-08-13,hk00402,0.36,0.39,0.35,0.38,0.35
2009-08-12,hk00402,0.315,0.37,0.315,0.35,0.35
2009-08-11,hk00402,0.35,0.37,0.35,0.35,0.365
2009-08-10,hk00402,0.38,0.38,0.365,0.365,0.37
2009-08-07,hk00402,0.385,0.385,0.37,0.37,0.385
2009-08-06,hk00402,0.365,0.39,0.365,0.385,0.38
2009-08-05,hk00402,0.415,0.42,0.375,0.38,0.415
2009-08-04,hk00402,0.385,0.435,0.38,0.415,0.385
2009-08-03,hk00402,0.31,0.385,0.305,0.385,0.33
2009-07-31,hk00402,0.33,0.33,0.32,0.33,0.335
2009-07-30,hk00402,0.31,0.335,0.31,0.335,0.315
2009-07-29,hk00402,0.32,0.325,0.3,0.315,0.32
2009-07-28,hk00402,0.33,0.335,0.32,0.32,0.335
2009-07-27,hk00402,0.32,0.335,0.32,0.335,0.325
2009-07-24,hk00402,0.32,0.325,0.32,0.325,0.32
2009-07-23,hk00402,0.315,0.32,0.315,0.32,0.32
2009-07-22,hk00402,0.315,0.325,0.3,0.32,0.32
2009-07-21,hk00402,0.315,0.32,0.31,0.32,0.32
2009-07-20,hk00402,0.315,0.325,0.315,0.32,0.305
2009-07-17,hk00402,0.31,0.32,0.305,0.305,0.31
2009-07-16,hk00402,0.33,0.33,0.31,0.31,0.315
2009-07-15,hk00402,0.305,0.315,0.305,0.315,0.3
2009-07-14,hk00402,0.305,0.305,0.29,0.3,0.295
2009-07-13,hk00402,0.29,0.32,0.29,0.295,0.305
2009-07-10,hk00402,0.305,0.315,0.285,0.305,0.3
2009-07-09,hk00402,0.305,0.31,0.3,0.3,0.305
2009-07-08,hk00402,0.3,0.305,0.3,0.305,0.31
2009-07-07,hk00402,0.315,0.335,0.31,0.31,0.295
2009-07-06,hk00402,0.325,0.325,0.295,0.295,0.335
2009-07-03,hk00402,0.335,0.335,0.325,0.335,0.34
2009-07-02,hk00402,0.35,0.355,0.34,0.34,0.335
2009-06-30,hk00402,0.355,0.355,0.335,0.335,0.35
2009-06-29,hk00402,0.35,0.35,0.35,0.35,0.355
2009-06-26,hk00402,0.35,0.36,0.34,0.355,0.345
2009-06-25,hk00402,0.39,0.405,0.325,0.345,0.38
2009-06-24,hk00402,0.35,0.38,0.35,0.38,0.365
2009-06-23,hk00402,0.37,0.37,0.365,0.365,0.385
2009-06-22,hk00402,0.385,0.385,0.38,0.385,0.39
2009-06-19,hk00402,0.39,0.395,0.39,0.39,0.4
2009-06-18,hk00402,0.39,0.405,0.385,0.4,0.39
2009-06-17,hk00402,0.37,0.39,0.365,0.39,0.37
2009-06-16,hk00402,0.37,0.38,0.36,0.37,0.38
2009-06-15,hk00402,0.355,0.385,0.355,0.38,0.395
2009-06-12,hk00402,0.41,0.41,0.38,0.395,0.41
2009-06-11,hk00402,0.425,0.435,0.4,0.41,0.425
2009-06-10,hk00402,0.46,0.46,0.425,0.425,0.41
2009-06-09,hk00402,0.36,0.41,0.36,0.41,0.355
2009-06-08,hk00402,0.345,0.37,0.34,0.355,0.35
2009-06-05,hk00402,0.335,0.35,0.33,0.35,0.335
2009-06-04,hk00402,0.335,0.34,0.335,0.335,0.335
2009-06-03,hk00402,0.295,0.34,0.295,0.335,0.33
2009-06-02,hk00402,0.325,0.35,0.325,0.33,0.345
2009-06-01,hk00402,0.36,0.36,0.335,0.345,0.345
2009-05-29,hk00402,0.345,0.345,0.31,0.345,0.345
2009-05-27,hk00402,0.355,0.365,0.34,0.345,0.355
2009-05-26,hk00402,0.325,0.355,0.325,0.355,0.345
2009-05-25,hk00402,0.34,0.35,0.335,0.345,0.345
2009-05-22,hk00402,0.355,0.355,0.34,0.345,0.36
2009-05-21,hk00402,0.36,0.37,0.35,0.36,0.365
2009-05-20,hk00402,0.365,0.375,0.35,0.365,0.36
2009-05-19,hk00402,0.35,0.36,0.35,0.36,0.355
2009-05-18,hk00402,0.335,0.355,0.325,0.355,0.335
2009-05-15,hk00402,0.335,0.34,0.33,0.335,0.315
2009-05-14,hk00402,0.315,0.32,0.315,0.315,0.325
2009-05-13,hk00402,0.3,0.33,0.3,0.325,0.3
2009-05-12,hk00402,0.295,0.295,0.295,0.3,0.295
2009-05-11,hk00402,0.29,0.31,0.29,0.295,0.29
2009-05-08,hk00402,0.28,0.295,0.28,0.29,0.285
2009-05-07,hk00402,0.3,0.3,0.285,0.285,0.295
2009-05-06,hk00402,0.295,0.305,0.295,0.295,0.295
2009-05-05,hk00402,0.295,0.295,0.29,0.295,0.29
2009-05-04,hk00402,0.28,0.295,0.28,0.29,0.27
2009-04-30,hk00402,0.26,0.275,0.26,0.27,0.265
2009-04-29,hk00402,0.26,0.265,0.249,0.265,0.26
2009-04-28,hk00402,0.28,0.28,0.26,0.26,0.28
2009-04-27,hk00402,0.295,0.295,0.275,0.28,0.31
2009-04-24,hk00402,0.295,0.33,0.29,0.31,0.305
2009-04-23,hk00402,0.31,0.31,0.3,0.305,0.31
2009-04-22,hk00402,0.325,0.325,0.305,0.31,0.32
2009-04-21,hk00402,0.32,0.32,0.295,0.32,0.315
2009-04-20,hk00402,0.305,0.33,0.3,0.315,0.305
2009-04-17,hk00402,0.27,0.305,0.265,0.305,0.27
2009-04-16,hk00402,0.265,0.275,0.26,0.27,0.26
2009-04-15,hk00402,0.26,0.27,0.25,0.26,0.25
2009-04-14,hk00402,0.25,0.26,0.25,0.25,0.255
2009-04-09,hk00402,0.25,0.255,0.249,0.255,0.249
2009-04-08,hk00402,0.244,0.25,0.244,0.249,0.245
2009-04-07,hk00402,0.23,0.25,0.228,0.245,0.228
2009-04-06,hk00402,0.23,0.23,0.228,0.228,0.23
2009-04-03,hk00402,0.23,0.23,0.228,0.23,0.23
2009-04-02,hk00402,0.23,0.231,0.23,0.23,0.232
2009-04-01,hk00402,0.24,0.24,0.222,0.232,0.24
2009-03-31,hk00402,0.25,0.25,0.24,0.24,0.255
2009-03-30,hk00402,0.249,0.265,0.247,0.255,0.245
2009-03-27,hk00402,0.225,0.245,0.225,0.245,0.22
2009-03-26,hk00402,0.2,0.225,0.2,0.22,0.21
2009-03-25,hk00402,0.205,0.234,0.205,0.21,0.195
2009-03-24,hk00402,0.2,0.205,0.19,0.195,0.195
2009-03-23,hk00402,0.2,0.21,0.2,0.195,0.175
2009-03-20,hk00402,0.175,0.18,0.175,0.175,0.178
2009-03-19,hk00402,0.178,0.178,0.168,0.178,0.18
2009-03-18,hk00402,0.16,0.18,0.16,0.18,0.154
2009-03-17,hk00402,0.152,0.158,0.15,0.154,0.152
2009-03-16,hk00402,0.15,0.165,0.148,0.152,0.134
2009-03-13,hk00402,0.135,0.135,0.134,0.134,0.134
2009-03-12,hk00402,0.14,0.14,0.132,0.134,0.136
2009-03-11,hk00402,0.14,0.14,0.136,0.136,0.14
2009-03-10,hk00402,0.143,0.143,0.125,0.14,0.143
2009-03-09,hk00402,0.143,0.143,0.143,0.143,0.147
2009-03-06,hk00402,0.147,0.147,0.147,0.147,0.145
2009-03-05,hk00402,0.145,0.145,0.145,0.145,0.145
2009-03-03,hk00402,0.145,0.145,0.145,0.145,0.145
2009-03-02,hk00402,0.145,0.145,0.14,0.145,0.149
2009-02-27,hk00402,0.15,0.15,0.145,0.149,0.15
2009-02-26,hk00402,0.15,0.15,0.15,0.15,0.15
2009-02-25,hk00402,0.15,0.15,0.15,0.15,0.152
2009-02-24,hk00402,0.154,0.154,0.152,0.152,0.154
2009-02-23,hk00402,0.15,0.15,0.15,0.154,0.139
2009-02-20,hk00402,0.148,0.148,0.138,0.139,0.148
2009-02-19,hk00402,0.148,0.148,0.148,0.148,0.148
2009-02-18,hk00402,0.141,0.15,0.141,0.148,0.15
2009-02-17,hk00402,0.141,0.15,0.141,0.15,0.141
2009-02-16,hk00402,0.141,0.141,0.141,0.141,0.14
2009-02-13,hk00402,0.14,0.14,0.138,0.14,0.141
2009-02-12,hk00402,0.143,0.155,0.14,0.141,0.144
2009-02-11,hk00402,0.13,0.144,0.13,0.144,0.136
2009-02-10,hk00402,0.14,0.14,0.135,0.136,0.135
2009-02-09,hk00402,0.135,0.135,0.129,0.135,0.135
2009-02-06,hk00402,0.13,0.135,0.129,0.135,0.135
2009-02-03,hk00402,0.135,0.135,0.135,0.135,0.135
2009-02-02,hk00402,0.135,0.135,0.135,0.135,0.135
2009-01-30,hk00402,0.135,0.135,0.135,0.135,0.132
2009-01-22,hk00402,0.132,0.132,0.132,0.132,0.126
2009-01-21,hk00402,0.126,0.131,0.117,0.126,0.13
2009-01-19,hk00402,0.149,0.149,0.135,0.135,0.148
2009-01-16,hk00402,0.144,0.148,0.123,0.148,0.143
2009-01-14,hk00402,0.144,0.144,0.143,0.143,0.143
2009-01-13,hk00402,0.138,0.142,0.138,0.143,0.138
2009-01-12,hk00402,0.149,0.149,0.138,0.138,0.149
2009-01-09,hk00402,0.149,0.149,0.145,0.149,0.145
2009-01-08,hk00402,0.149,0.15,0.14,0.145,0.148
2009-01-07,hk00402,0.154,0.154,0.148,0.148,0.154
2009-01-06,hk00402,0.154,0.154,0.154,0.154,0.154
2009-01-05,hk00402,0.14,0.154,0.138,0.154,0.13
2008-12-31,hk00402,0.123,0.13,0.123,0.13,0.132
2008-12-30,hk00402,0.131,0.132,0.131,0.132,0.131
2008-12-29,hk00402,0.13,0.131,0.13,0.131,0.131
2008-12-24,hk00402,0.131,0.132,0.13,0.131,0.131
2008-12-23,hk00402,0.131,0.135,0.131,0.131,0.13
2008-12-22,hk00402,0.14,0.141,0.13,0.13,0.14
2008-12-19,hk00402,0.132,0.15,0.13,0.14,0.14
2008-12-18,hk00402,0.141,0.141,0.134,0.14,0.14
2008-12-17,hk00402,0.135,0.14,0.132,0.14,0.135
2008-12-16,hk00402,0.14,0.14,0.135,0.135,0.135
2008-12-15,hk00402,0.14,0.144,0.13,0.135,0.132
2008-12-12,hk00402,0.132,0.132,0.132,0.132,0.14
2008-12-11,hk00402,0.14,0.14,0.14,0.14,0.14
2008-12-10,hk00402,0.135,0.14,0.135,0.14,0.132
2008-12-09,hk00402,0.138,0.138,0.132,0.132,0.133
2008-12-08,hk00402,0.133,0.133,0.131,0.133,0.131
2008-12-05,hk00402,0.123,0.137,0.123,0.131,0.138
2008-12-04,hk00402,0.13,0.138,0.13,0.138,0.129
2008-12-03,hk00402,0.122,0.129,0.122,0.129,0.12
2008-12-02,hk00402,0.125,0.13,0.12,0.12,0.135
2008-12-01,hk00402,0.131,0.138,0.129,0.135,0.124
2008-11-28,hk00402,0.125,0.125,0.125,0.124,0.119
2008-11-27,hk00402,0.124,0.126,0.118,0.119,0.123
2008-11-26,hk00402,0.127,0.127,0.118,0.123,0.127
2008-11-25,hk00402,0.135,0.135,0.127,0.127,0.133
2008-11-24,hk00402,0.135,0.139,0.133,0.133,0.129
2008-11-21,hk00402,0.133,0.133,0.129,0.129,0.135
2008-11-20,hk00402,0.135,0.135,0.135,0.135,0.145
2008-11-19,hk00402,0.148,0.148,0.135,0.145,0.137
2008-11-18,hk00402,0.161,0.161,0.131,0.137,0.156
2008-11-17,hk00402,0.175,0.175,0.153,0.156,0.165
2008-11-14,hk00402,0.145,0.19,0.145,0.165,0.144
2008-11-13,hk00402,0.125,0.15,0.125,0.144,0.125
2008-11-12,hk00402,0.125,0.13,0.125,0.125,0.125
2008-11-11,hk00402,0.122,0.127,0.122,0.125,0.13
2008-11-10,hk00402,0.135,0.14,0.13,0.13,0.135
2008-11-07,hk00402,0.13,0.138,0.122,0.135,0.131
2008-11-06,hk00402,0.121,0.135,0.12,0.131,0.131
2008-11-05,hk00402,0.14,0.14,0.129,0.131,0.139
2008-11-04,hk00402,0.128,0.139,0.12,0.139,0.14
2008-11-03,hk00402,0.14,0.142,0.136,0.14,0.137
2008-10-31,hk00402,0.139,0.139,0.137,0.137,0.124
2008-10-30,hk00402,0.129,0.13,0.114,0.124,0.129
2008-10-29,hk00402,0.12,0.13,0.12,0.129,0.147
2008-10-28,hk00402,0.128,0.147,0.116,0.147,0.116
2008-10-27,hk00402,0.13,0.13,0.116,0.116,0.12
2008-10-24,hk00402,0.131,0.132,0.12,0.12,0.13
2008-10-23,hk00402,0.131,0.131,0.12,0.13,0.14
2008-10-22,hk00402,0.15,0.16,0.14,0.14,0.19
2008-10-21,hk00402,0.119,0.235,0.119,0.19,0.115
2008-10-20,hk00402,0.125,0.125,0.115,0.115,0.12
2008-10-17,hk00402,0.125,0.125,0.11,0.12,0.13
2008-10-16,hk00402,0.15,0.15,0.13,0.13,0.159
2008-10-15,hk00402,0.19,0.19,0.15,0.159,0.19
2008-10-14,hk00402,0.238,0.238,0.185,0.19,0.239
2008-09-17,hk00402,0.21,0.24,0.2,0.239,0.229
2008-09-16,hk00402,0.21,0.23,0.208,0.229,0.242
2008-09-12,hk00402,0.22,0.242,0.22,0.242,0.24
2008-09-11,hk00402,0.219,0.24,0.21,0.24,0.22
2008-09-10,hk00402,0.219,0.22,0.215,0.22,0.211
2008-09-09,hk00402,0.211,0.211,0.211,0.211,0.22
2008-09-08,hk00402,0.22,0.224,0.22,0.22,0.218
2008-09-05,hk00402,0.2,0.224,0.2,0.218,0.228
2008-09-04,hk00402,0.22,0.23,0.22,0.228,0.238
2008-09-03,hk00402,0.238,0.238,0.238,0.238,0.238
2008-09-02,hk00402,0.25,0.25,0.238,0.238,0.25
2008-08-29,hk00402,0.26,0.26,0.24,0.25,0.26
2008-08-28,hk00402,0.26,0.26,0.26,0.26,0.245
2008-08-27,hk00402,0.245,0.245,0.245,0.245,0.245
2008-08-26,hk00402,0.221,0.235,0.221,0.245,0.238
2008-08-25,hk00402,0.23,0.238,0.23,0.238,0.265
2008-08-21,hk00402,0.28,0.28,0.23,0.265,0.3
2008-08-20,hk00402,0.2,0.3,0.2,0.3,0.202
2008-08-19,hk00402,0.23,0.23,0.202,0.202,0.235
2008-08-18,hk00402,0.23,0.235,0.23,0.235,0.23
2008-08-15,hk00402,0.241,0.241,0.23,0.23,0.238
2008-08-14,hk00402,0.245,0.25,0.238,0.238,0.25
2008-08-13,hk00402,0.25,0.25,0.25,0.25,0.255
2008-08-12,hk00402,0.255,0.26,0.255,0.255,0.26
2008-08-11,hk00402,0.26,0.265,0.255,0.26,0.28
2008-08-08,hk00402,0.285,0.285,0.27,0.28,0.28
2008-08-07,hk00402,0.28,0.28,0.28,0.28,0.28
2008-08-05,hk00402,0.285,0.285,0.28,0.28,0.285
2008-08-04,hk00402,0.295,0.295,0.285,0.285,0.295
2008-08-01,hk00402,0.3,0.3,0.295,0.295,0.3
2008-07-31,hk00402,0.3,0.31,0.3,0.3,0.305
2008-07-30,hk00402,0.3,0.305,0.3,0.305,0.3
2008-07-29,hk00402,0.305,0.305,0.3,0.3,0.305
2008-07-28,hk00402,0.3,0.31,0.3,0.305,0.3
2008-07-25,hk00402,0.3,0.31,0.3,0.3,0.31
2008-07-24,hk00402,0.31,0.32,0.31,0.31,0.32
2008-07-23,hk00402,0.32,0.32,0.31,0.32,0.32
2008-07-22,hk00402,0.32,0.32,0.3,0.32,0.325
2008-07-21,hk00402,0.32,0.34,0.31,0.325,0.35
2008-07-18,hk00402,0.34,0.35,0.34,0.35,0.35
2008-07-17,hk00402,0.36,0.36,0.33,0.35,0.35
2008-07-16,hk00402,0.33,0.365,0.33,0.35,0.34
2008-07-15,hk00402,0.325,0.34,0.325,0.34,0.335
2008-07-11,hk00402,0.33,0.34,0.33,0.33,0.35
2008-07-10,hk00402,0.35,0.35,0.325,0.35,0.34
2008-07-09,hk00402,0.335,0.35,0.335,0.34,0.335
2008-07-08,hk00402,0.335,0.335,0.335,0.335,0.365
2008-07-07,hk00402,0.325,0.365,0.325,0.365,0.34
2008-07-04,hk00402,0.34,0.34,0.34,0.34,0.34
2008-07-03,hk00402,0.335,0.34,0.335,0.34,0.365
2008-07-02,hk00402,0.335,0.365,0.33,0.365,0.37
2008-06-30,hk00402,0.345,0.37,0.345,0.37,0.345
2008-06-27,hk00402,0.37,0.37,0.34,0.345,0.375
2008-06-26,hk00402,0.335,0.39,0.335,0.375,0.35
2008-06-25,hk00402,0.35,0.35,0.35,0.35,0.37
2008-06-24,hk00402,0.36,0.38,0.36,0.37,0.36
2008-06-23,hk00402,0.34,0.36,0.34,0.36,0.38
2008-06-20,hk00402,0.38,0.39,0.33,0.38,0.38
2008-06-19,hk00402,0.365,0.385,0.325,0.38,0.365
2008-06-18,hk00402,0.34,0.39,0.34,0.365,0.38
2008-06-17,hk00402,0.39,0.39,0.38,0.38,0.385
2008-06-16,hk00402,0.41,0.41,0.38,0.385,0.4
2008-06-13,hk00402,0.385,0.4,0.385,0.4,0.385
2008-06-12,hk00402,0.385,0.385,0.38,0.385,0.385
2008-06-11,hk00402,0.385,0.385,0.385,0.385,0.39
2008-06-10,hk00402,0.4,0.4,0.385,0.39,0.405
2008-06-06,hk00402,0.405,0.41,0.405,0.405,0.405
2008-06-05,hk00402,0.405,0.405,0.4,0.405,0.405
2008-06-04,hk00402,0.42,0.42,0.405,0.405,0.395
2008-06-03,hk00402,0.4,0.4,0.395,0.395,0.41
2008-06-02,hk00402,0.42,0.42,0.41,0.41,0.43
2008-05-30,hk00402,0.41,0.43,0.41,0.43,0.42
2008-05-29,hk00402,0.4,0.42,0.4,0.42,0.415
2008-05-28,hk00402,0.405,0.415,0.405,0.415,0.4
2008-05-27,hk00402,0.395,0.435,0.39,0.4,0.385
2008-05-26,hk00402,0.415,0.415,0.385,0.385,0.41
2008-05-23,hk00402,0.435,0.435,0.41,0.41,0.42
2008-05-22,hk00402,0.405,0.42,0.405,0.42,0.42
2008-05-21,hk00402,0.425,0.425,0.415,0.42,0.435
2008-05-20,hk00402,0.445,0.445,0.435,0.435,0.445
2008-05-19,hk00402,0.44,0.465,0.44,0.445,0.455
2008-05-16,hk00402,0.455,0.465,0.455,0.455,0.455
2008-05-15,hk00402,0.46,0.47,0.45,0.455,0.465
2008-05-14,hk00402,0.455,0.465,0.44,0.465,0.46
2008-05-13,hk00402,0.435,0.46,0.435,0.46,0.45
2008-05-09,hk00402,0.435,0.45,0.435,0.45,0.465
2008-05-08,hk00402,0.46,0.47,0.46,0.465,0.47
2008-05-07,hk00402,0.485,0.485,0.46,0.47,0.47
2008-05-06,hk00402,0.45,0.47,0.45,0.47,0.45
2008-05-05,hk00402,0.46,0.465,0.45,0.45,0.46
2008-05-02,hk00402,0.46,0.46,0.445,0.46,0.43
2008-04-30,hk00402,0.44,0.45,0.43,0.43,0.445
2008-04-29,hk00402,0.42,0.46,0.42,0.445,0.45
2008-04-28,hk00402,0.45,0.45,0.445,0.45,0.45
2008-04-25,hk00402,0.46,0.46,0.44,0.45,0.44
2008-04-24,hk00402,0.45,0.45,0.44,0.44,0.45
2008-04-23,hk00402,0.46,0.46,0.435,0.45,0.46
2008-04-22,hk00402,0.465,0.475,0.45,0.46,0.455
2008-04-21,hk00402,0.46,0.46,0.45,0.455,0.445
2008-04-18,hk00402,0.465,0.465,0.44,0.445,0.45
2008-04-17,hk00402,0.465,0.465,0.445,0.45,0.435
2008-04-16,hk00402,0.445,0.45,0.43,0.435,0.43
2008-04-15,hk00402,0.435,0.44,0.42,0.43,0.445
2008-04-14,hk00402,0.475,0.475,0.44,0.445,0.455
2008-04-11,hk00402,0.48,0.48,0.43,0.455,0.46
2008-04-10,hk00402,0.47,0.47,0.45,0.46,0.47
2008-04-09,hk00402,0.48,0.49,0.45,0.47,0.48
2008-04-08,hk00402,0.48,0.48,0.475,0.48,0.48
2008-04-07,hk00402,0.485,0.485,0.465,0.48,0.475
2008-04-03,hk00402,0.5,0.51,0.47,0.475,0.49
2008-04-02,hk00402,0.5,0.51,0.485,0.49,0.485
2008-04-01,hk00402,0.52,0.53,0.475,0.485,0.51
2008-03-31,hk00402,0.48,0.52,0.465,0.51,0.485
2008-03-28,hk00402,0.46,0.485,0.44,0.485,0.46
2008-03-27,hk00402,0.395,0.465,0.38,0.46,0.4
2008-03-26,hk00402,0.405,0.405,0.385,0.4,0.405
2008-03-25,hk00402,0.38,0.41,0.38,0.405,0.38
2008-03-20,hk00402,0.36,0.38,0.34,0.38,0.37
2008-03-19,hk00402,0.35,0.37,0.35,0.37,0.335
2008-03-18,hk00402,0.345,0.365,0.32,0.335,0.36
2008-03-17,hk00402,0.36,0.38,0.32,0.36,0.4
2008-03-14,hk00402,0.39,0.41,0.39,0.4,0.39
2008-03-13,hk00402,0.42,0.42,0.385,0.39,0.425
2008-03-12,hk00402,0.435,0.445,0.425,0.425,0.415
2008-03-11,hk00402,0.42,0.425,0.405,0.415,0.395
2008-03-10,hk00402,0.43,0.43,0.38,0.395,0.425
2008-03-07,hk00402,0.44,0.44,0.42,0.425,0.45
2008-03-06,hk00402,0.45,0.46,0.445,0.45,0.445
2008-03-05,hk00402,0.49,0.49,0.435,0.445,0.475
2008-03-04,hk00402,0.48,0.53,0.47,0.475,0.465
2008-03-03,hk00402,0.5,0.5,0.45,0.465,0.52
2008-02-29,hk00402,0.53,0.53,0.51,0.52,0.53
2008-02-28,hk00402,0.58,0.66,0.52,0.53,0.56
2008-02-27,hk00402,0.55,0.57,0.55,0.56,0.54
2008-02-26,hk00402,0.54,0.56,0.54,0.54,0.54
2008-02-25,hk00402,0.54,0.54,0.54,0.54,0.54
2008-02-22,hk00402,0.54,0.54,0.54,0.54,0.55
2008-02-21,hk00402,0.55,0.55,0.54,0.55,0.55
2008-02-20,hk00402,0.57,0.57,0.55,0.55,0.57
2008-02-19,hk00402,0.56,0.59,0.56,0.57,0.56
2008-02-18,hk00402,0.55,0.58,0.55,0.56,0.55
2008-02-15,hk00402,0.53,0.55,0.52,0.55,0.55
2008-02-14,hk00402,0.56,0.56,0.54,0.55,0.57
2008-02-13,hk00402,0.57,0.57,0.57,0.57,0.55
2008-02-11,hk00402,0.54,0.55,0.54,0.55,0.52
2008-02-06,hk00402,0.55,0.55,0.5,0.52,0.52
2008-02-05,hk00402,0.55,0.55,0.52,0.52,0.55
2008-02-04,hk00402,0.55,0.55,0.53,0.55,0.53
2008-02-01,hk00402,0.53,0.53,0.52,0.53,0.52
2008-01-31,hk00402,0.53,0.53,0.52,0.52,0.53
2008-01-30,hk00402,0.5,0.53,0.5,0.53,0.5
2008-01-29,hk00402,0.58,0.58,0.5,0.5,0.53
2008-01-28,hk00402,0.55,0.55,0.53,0.53,0.53
2008-01-25,hk00402,0.55,0.55,0.53,0.53,0.52
2008-01-24,hk00402,0.52,0.59,0.51,0.52,0.59
2008-01-23,hk00402,0.52,0.59,0.52,0.59,0.5
2008-01-22,hk00402,0.6,0.6,0.5,0.5,0.6
2008-01-21,hk00402,0.65,0.66,0.59,0.6,0.66
2008-01-18,hk00402,0.65,0.67,0.65,0.66,0.67
2008-01-17,hk00402,0.68,0.68,0.67,0.67,0.67
2008-01-16,hk00402,0.68,0.68,0.66,0.67,0.7
2008-01-15,hk00402,0.71,0.71,0.69,0.7,0.71
2008-01-14,hk00402,0.74,0.78,0.7,0.71,0.74
2008-01-11,hk00402,0.69,0.79,0.69,0.74,0.7
2008-01-10,hk00402,0.7,0.72,0.7,0.7,0.7
2008-01-09,hk00402,0.68,0.7,0.68,0.7,0.69
2008-01-08,hk00402,0.7,0.71,0.68,0.69,0.7
2008-01-07,hk00402,0.68,0.7,0.68,0.7,0.7
2008-01-04,hk00402,0.7,0.71,0.69,0.7,0.7
2008-01-03,hk00402,0.68,0.7,0.68,0.7,0.71
2008-01-02,hk00402,0.7,0.72,0.7,0.71,0.7
2007-12-31,hk00402,0.69,0.7,0.68,0.7,0.69
2007-12-28,hk00402,0.7,0.7,0.68,0.69,0.7
2007-12-27,hk00402,0.72,0.72,0.69,0.7,0.7
2007-12-24,hk00402,0.74,0.75,0.69,0.7,0.72
2007-12-21,hk00402,0.7,0.73,0.7,0.72,0.7
2007-12-20,hk00402,0.73,0.73,0.7,0.7,0.72
2007-12-19,hk00402,0.72,0.73,0.71,0.72,0.71
2007-12-18,hk00402,0.71,0.72,0.71,0.71,0.72
2007-12-17,hk00402,0.77,0.78,0.71,0.72,0.74
2007-12-14,hk00402,0.74,0.74,0.72,0.74,0.74
2007-12-13,hk00402,0.79,0.79,0.73,0.74,0.79
2007-12-12,hk00402,0.76,0.79,0.76,0.79,0.78
2007-12-11,hk00402,0.76,0.81,0.76,0.78,0.76
2007-12-10,hk00402,0.76,0.78,0.76,0.76,0.76
2007-12-07,hk00402,0.78,0.79,0.76,0.76,0.77
2007-12-06,hk00402,0.77,0.78,0.76,0.77,0.79
2007-12-05,hk00402,0.78,0.8,0.77,0.79,0.8
2007-12-04,hk00402,0.79,0.81,0.76,0.8,0.81
2007-12-03,hk00402,0.73,0.86,0.73,0.81,0.7
2007-11-30,hk00402,0.68,0.71,0.65,0.7,0.69
2007-11-29,hk00402,0.73,0.73,0.68,0.69,0.7
2007-11-28,hk00402,0.72,0.74,0.68,0.7,0.73
2007-11-27,hk00402,0.76,0.78,0.71,0.73,0.77
2007-11-26,hk00402,0.79,0.8,0.77,0.77,0.77
2007-11-23,hk00402,0.79,0.79,0.76,0.77,0.76
2007-11-22,hk00402,0.77,0.8,0.76,0.76,0.8
2007-11-21,hk00402,0.81,0.81,0.75,0.8,0.81
2007-11-20,hk00402,0.83,0.83,0.77,0.81,0.83
2007-11-19,hk00402,0.82,0.83,0.8,0.83,0.82
2007-11-16,hk00402,0.86,0.86,0.71,0.82,0.86
2007-11-15,hk00402,0.9,0.9,0.83,0.86,0.91
2007-11-14,hk00402,0.92,0.93,0.89,0.91,0.89
2007-11-13,hk00402,0.93,0.93,0.85,0.89,0.93
2007-11-12,hk00402,0.93,0.93,0.87,0.93,0.96
2007-11-09,hk00402,1.0,1.0,0.95,0.96,0.96
2007-11-08,hk00402,0.99,0.99,0.95,0.96,1.0
2007-11-07,hk00402,0.98,1.03,0.98,1.0,0.96
2007-11-06,hk00402,0.95,0.96,0.92,0.96,0.95
2007-11-05,hk00402,1.05,1.05,0.95,0.95,1.05
2007-11-02,hk00402,1.05,1.07,1.02,1.05,1.05
2007-11-01,hk00402,1.06,1.12,1.05,1.05,1.05
2007-10-31,hk00402,1.01,1.21,0.99,1.05,1.01
2007-10-30,hk00402,1.02,1.03,0.99,1.01,1.04
2007-10-29,hk00402,1.02,1.1,1.02,1.04,1.0
2007-10-26,hk00402,1.05,1.05,1.0,1.0,1.05
2007-10-25,hk00402,1.05,1.05,1.0,1.05,1.02
2007-10-24,hk00402,1.0,1.05,0.99,1.02,1.0
2007-10-23,hk00402,0.9,1.06,0.9,1.0,0.9
2007-10-22,hk00402,0.93,0.93,0.88,0.9,0.93
2007-10-18,hk00402,0.91,0.94,0.87,0.93,0.91
2007-10-17,hk00402,0.92,0.92,0.86,0.91,0.95
2007-10-16,hk00402,1.0,1.02,0.9,0.95,1.0
2007-10-15,hk00402,1.04,1.04,0.98,1.0,1.0
2007-10-12,hk00402,1.0,1.06,1.0,1.0,1.03
2007-10-11,hk00402,0.95,1.07,0.95,1.03,0.97
2007-10-10,hk00402,1.02,1.03,0.94,0.97,1.05
2007-10-09,hk00402,1.13,1.17,1.0,1.05,1.12
2007-10-08,hk00402,0.8,1.13,0.79,1.12,0.78
2007-10-05,hk00402,0.78,0.79,0.76,0.78,0.78
2007-10-04,hk00402,0.79,0.8,0.76,0.78,0.79
2007-10-03,hk00402,0.77,0.85,0.77,0.79,0.8
2007-10-02,hk00402,0.84,0.84,0.78,0.8,0.84
2007-09-28,hk00402,0.85,0.87,0.82,0.84,0.85
2007-09-27,hk00402,0.85,0.85,0.82,0.85,0.86
2007-09-25,hk00402,0.86,0.86,0.82,0.86,0.87
2007-09-24,hk00402,0.93,0.94,0.87,0.87,0.92
2007-09-21,hk00402,0.87,0.92,0.85,0.92,0.9
2007-09-20,hk00402,0.96,0.96,0.86,0.9,0.96
2007-09-19,hk00402,1.0,1.0,0.94,0.96,0.97
2007-09-18,hk00402,0.95,1.0,0.93,0.97,0.97
2007-09-17,hk00402,1.0,1.01,0.95,0.97,1.02
2007-09-14,hk00402,1.0,1.07,0.99,1.02,1.03
2007-09-13,hk00402,1.05,1.05,1.01,1.03,1.05
2007-09-12,hk00402,1.08,1.09,1.04,1.05,1.07
2007-09-11,hk00402,1.15,1.15,1.07,1.07,1.08
2007-09-10,hk00402,1.05,1.12,1.01,1.08,1.05
2007-09-07,hk00402,1.09,1.1,1.0,1.05,1.1
2007-09-06,hk00402,1.12,1.12,1.06,1.1,1.1
2007-09-05,hk00402,1.1,1.13,1.07,1.1,1.1
2007-09-04,hk00402,1.13,1.13,1.08,1.1,1.13
2007-09-03,hk00402,1.11,1.15,1.1,1.13,1.11
2007-08-31,hk00402,1.06,1.12,1.05,1.11,1.12
2007-08-30,hk00402,1.16,1.2,1.1,1.12,1.14
2007-08-29,hk00402,1.05,1.15,1.0,1.14,1.1
2007-08-28,hk00402,1.2,1.2,1.08,1.1,1.23
2007-08-27,hk00402,1.2,1.3,1.18,1.23,1.16
2007-08-24,hk00402,1.03,1.19,0.98,1.16,1.0
2007-08-23,hk00402,1.05,1.05,0.95,1.0,0.99
2007-08-22,hk00402,1.02,1.02,0.96,0.99,1.0
2007-08-21,hk00402,1.05,1.05,0.99,1.0,1.04
2007-08-20,hk00402,1.1,1.11,1.02,1.04,1.03
2007-08-17,hk00402,1.03,1.03,0.86,1.03,1.03
2007-08-16,hk00402,1.08,1.08,1.01,1.03,1.13
2007-08-15,hk00402,1.18,1.18,1.08,1.13,1.16
2007-08-14,hk00402,1.19,1.19,1.1,1.16,1.13
2007-08-13,hk00402,1.23,1.23,1.06,1.13,1.09
2007-08-10,hk00402,1.02,1.15,0.95,1.09,1.17
2007-08-09,hk00402,1.15,1.3,1.11,1.17,1.05
2007-08-08,hk00402,0.89,1.06,0.7,1.05,0.85
2007-08-07,hk00402,1.17,1.25,0.75,0.85,1.15
2007-08-06,hk00402,1.27,1.3,1.15,1.15,1.38
2007-08-03,hk00402,1.45,1.51,1.28,1.38,1.43
2007-08-02,hk00402,1.65,1.69,1.29,1.43,1.64
2007-08-01,hk00402,1.81,1.81,1.56,1.64,1.83
2007-07-31,hk00402,1.85,1.9,1.81,1.83,1.85
2007-07-30,hk00402,1.81,1.9,1.8,1.85,1.86
2007-07-27,hk00402,1.9,1.94,1.81,1.86,2.0
2007-07-26,hk00402,2.04,2.1,1.96,2.0,2.0
2007-07-25,hk00402,1.96,2.07,1.95,2.0,1.99
2007-07-24,hk00402,1.83,2.0,1.81,1.99,1.83
2007-07-23,hk00402,1.8,1.89,1.8,1.83,1.8
2007-07-20,hk00402,1.9,1.9,1.65,1.8,1.91
2007-07-19,hk00402,1.76,1.95,1.73,1.91,1.78
2007-07-18,hk00402,1.65,1.78,1.65,1.78,1.64
2007-07-17,hk00402,1.66,1.66,1.62,1.64,1.64
2007-07-16,hk00402,1.73,1.73,1.63,1.64,1.69
2007-07-13,hk00402,1.68,1.73,1.64,1.69,1.64
2007-07-12,hk00402,1.55,1.69,1.53,1.64,1.5
2007-07-11,hk00402,1.5,1.52,1.49,1.5,1.51
2007-07-10,hk00402,1.57,1.57,1.5,1.51,1.53
2007-07-09,hk00402,1.6,1.6,1.52,1.53,1.55
2007-07-06,hk00402,1.62,1.64,1.54,1.55,1.58
2007-07-05,hk00402,1.55,1.62,1.49,1.58,1.53
2007-07-04,hk00402,1.52,1.54,1.52,1.53,1.53
2007-07-03,hk00402,1.52,1.57,1.5,1.53,1.51
2007-06-29,hk00402,1.53,1.57,1.48,1.51,1.53
2007-06-28,hk00402,1.55,1.59,1.51,1.53,1.54
2007-06-27,hk00402,1.6,1.6,1.5,1.54,1.59
2007-06-26,hk00402,1.48,1.65,1.48,1.59,1.46
2007-06-25,hk00402,1.56,1.56,1.44,1.46,1.56
2007-06-22,hk00402,1.53,1.65,1.52,1.56,1.53
2007-06-21,hk00402,1.4,1.55,1.4,1.53,1.37
2007-06-20,hk00402,1.54,1.54,1.36,1.37,1.5
2007-06-18,hk00402,1.75,1.77,1.35,1.5,1.75
2007-06-15,hk00402,1.76,1.76,1.69,1.75,1.7
2007-06-14,hk00402,1.83,1.83,1.65,1.7,1.79
2007-06-13,hk00402,1.81,1.89,1.76,1.79,1.8
2007-06-12,hk00402,1.8,1.98,1.77,1.8,3.52
2007-06-11,hk00402,3.45,3.65,3.43,3.52,3.38
2007-06-08,hk00402,3.4,3.4,3.2,3.38,3.36
2007-06-07,hk00402,3.45,3.53,3.15,3.36,3.46
2007-06-06,hk00402,2.92,3.49,2.92,3.46,2.85
2007-06-05,hk00402,2.83,2.89,2.79,2.85,2.8
2007-06-04,hk00402,2.86,2.86,2.73,2.8,2.75
2007-06-01,hk00402,2.76,2.9,2.73,2.75,2.75
2007-05-31,hk00402,2.63,2.75,2.63,2.75,2.64
2007-05-30,hk00402,2.68,2.7,2.64,2.64,2.76
2007-05-29,hk00402,2.76,2.85,2.69,2.76,2.76
2007-05-28,hk00402,2.8,2.9,2.7,2.76,2.79
2007-05-25,hk00402,2.8,2.81,2.69,2.79,2.8
2007-05-23,hk00402,2.68,2.85,2.68,2.8,2.68
2007-05-22,hk00402,2.72,2.74,2.65,2.68,2.68
2007-05-21,hk00402,2.69,2.82,2.68,2.68,2.78
2007-05-18,hk00402,2.83,2.83,2.7,2.78,2.84
2007-05-17,hk00402,2.85,2.94,2.75,2.84,2.85
2007-05-16,hk00402,2.95,2.96,2.84,2.85,2.88
2007-05-15,hk00402,2.91,2.91,2.75,2.88,2.91
2007-05-14,hk00402,2.64,2.98,2.64,2.91,2.6
2007-05-11,hk00402,2.64,2.75,2.54,2.6,2.68
2007-05-10,hk00402,2.89,2.89,2.67,2.68,2.78
2007-05-09,hk00402,2.9,3.08,2.76,2.78,2.92
2007-05-08,hk00402,2.43,2.95,2.43,2.92,2.43
2007-05-07,hk00402,2.35,2.44,2.3,2.43,2.35
2007-05-04,hk00402,2.55,2.55,2.34,2.35,2.53
2007-05-03,hk00402,2.55,2.55,2.47,2.53,2.54
2007-05-02,hk00402,2.55,2.64,2.44,2.54,2.47
2007-04-30,hk00402,2.62,2.62,2.44,2.47,2.42
2007-04-27,hk00402,2.5,2.5,2.38,2.42,2.48
2007-04-26,hk00402,2.48,2.53,2.43,2.48,2.55
2007-04-25,hk00402,2.55,2.6,2.35,2.55,2.55
2007-04-24,hk00402,2.35,2.57,2.3,2.55,2.38
2007-04-23,hk00402,2.55,2.64,2.32,2.38,2.64
2007-04-20,hk00402,2.59,2.71,2.35,2.64,2.51
2007-04-19,hk00402,2.32,2.72,2.3,2.51,2.31
2007-04-18,hk00402,2.0,2.39,1.92,2.31,1.95
2007-04-17,hk00402,2.05,2.1,1.5,1.95,1.84
2007-04-12,hk00402,1.75,1.89,1.68,1.84,1.74
2007-04-11,hk00402,1.45,1.87,1.45,1.74,1.41
2007-04-10,hk00402,1.25,1.6,1.25,1.41,1.2
2007-04-04,hk00402,1.19,1.27,1.18,1.2,1.17
2007-04-03,hk00402,1.17,1.22,1.1,1.17,1.13
2007-04-02,hk00402,1.19,1.25,1.11,1.13,1.19
2007-03-30,hk00402,1.4,1.41,1.11,1.19,1.43
2007-03-29,hk00402,1.01,1.49,0.99,1.43,1.01
2007-03-28,hk00402,0.87,1.02,0.86,1.01,0.85
2007-03-27,hk00402,0.9,0.9,0.85,0.85,0.89
2007-03-26,hk00402,0.85,0.93,0.85,0.89,0.83
2007-03-23,hk00402,0.8,0.84,0.8,0.83,0.8
2007-03-22,hk00402,0.82,0.83,0.8,0.8,0.79
2007-03-21,hk00402,0.79,0.81,0.79,0.79,0.8
2007-03-20,hk00402,0.79,0.8,0.79,0.8,0.78
2007-03-19,hk00402,0.81,0.81,0.78,0.78,0.77
2007-03-16,hk00402,0.77,0.82,0.77,0.77,0.77
2007-03-15,hk00402,0.73,0.77,0.73,0.77,0.75
2007-03-14,hk00402,0.74,0.75,0.73,0.75,0.75
2007-03-13,hk00402,0.74,0.75,0.74,0.75,0.74
2007-03-12,hk00402,0.72,0.74,0.72,0.74,0.72
2007-03-09,hk00402,0.72,0.72,0.7,0.72,0.7
2007-03-08,hk00402,0.71,0.71,0.7,0.7,0.7
2007-03-07,hk00402,0.7,0.7,0.7,0.7,0.7
2007-03-06,hk00402,0.7,0.7,0.7,0.7,0.67
2007-03-05,hk00402,0.65,0.68,0.65,0.67,0.7
2007-03-02,hk00402,0.73,0.74,0.7,0.7,0.71
2007-03-01,hk00402,0.72,0.72,0.71,0.71,0.71
2007-02-28,hk00402,0.72,0.72,0.7,0.71,0.72
2007-02-27,hk00402,0.75,0.75,0.7,0.72,0.73
2007-02-26,hk00402,0.73,0.73,0.73,0.73,0.73
2007-02-23,hk00402,0.72,0.75,0.72,0.73,0.76
2007-02-22,hk00402,0.73,0.77,0.73,0.76,0.75
2007-02-21,hk00402,0.73,0.75,0.73,0.75,0.77
2007-02-16,hk00402,0.78,0.78,0.77,0.77,0.75
2007-02-15,hk00402,0.78,0.78,0.75,0.75,0.78
2007-02-14,hk00402,0.78,0.78,0.67,0.78,0.78
2007-02-13,hk00402,0.76,0.8,0.76,0.78,0.78
2007-02-12,hk00402,0.77,0.79,0.77,0.78,0.77
2007-02-09,hk00402,0.82,0.82,0.74,0.77,0.8
2007-02-08,hk00402,0.8,0.83,0.75,0.8,0.75
2007-02-07,hk00402,0.7,0.78,0.7,0.75,0.7
2007-02-06,hk00402,0.7,0.76,0.69,0.7,0.68
2007-02-05,hk00402,0.64,0.72,0.64,0.68,0.64
2007-02-02,hk00402,0.64,0.64,0.6,0.64,0.64
2007-02-01,hk00402,0.64,0.64,0.62,0.64,0.62
2007-01-31,hk00402,0.64,0.64,0.62,0.62,0.61
2007-01-30,hk00402,0.58,0.63,0.58,0.61,0.58
2007-01-29,hk00402,0.59,0.59,0.58,0.58,0.58
2007-01-26,hk00402,0.58,0.58,0.58,0.58,0.59
2007-01-25,hk00402,0.59,0.6,0.59,0.59,0.59
2007-01-24,hk00402,0.59,0.6,0.59,0.59,0.58
2007-01-23,hk00402,0.58,0.58,0.58,0.58,0.59
2007-01-22,hk00402,0.58,0.59,0.58,0.59,0.58
2007-01-19,hk00402,0.58,0.58,0.58,0.58,0.6
2007-01-18,hk00402,0.59,0.6,0.58,0.6,0.59
2007-01-17,hk00402,0.6,0.6,0.59,0.59,0.59
2007-01-16,hk00402,0.58,0.59,0.58,0.59,0.58
2007-01-15,hk00402,0.59,0.6,0.57,0.58,0.58
2007-01-12,hk00402,0.59,0.59,0.57,0.58,0.56
2007-01-11,hk00402,0.57,0.59,0.56,0.56,0.58
2007-01-10,hk00402,0.59,0.6,0.58,0.58,0.6
2007-01-09,hk00402,0.59,0.6,0.59,0.6,0.59
2007-01-08,hk00402,0.59,0.59,0.57,0.59,0.59
2007-01-05,hk00402,0.6,0.6,0.59,0.59,0.6
2007-01-04,hk00402,0.61,0.61,0.6,0.6,0.61
2007-01-03,hk00402,0.56,0.61,0.56,0.61,0.59
2007-01-02,hk00402,0.59,0.6,0.59,0.59,0.59
2006-12-29,hk00402,0.55,0.59,0.55,0.59,0.58
2006-12-28,hk00402,0.56,0.58,0.55,0.58,0.56
2006-12-27,hk00402,0.57,0.57,0.56,0.56,0.57
2006-12-22,hk00402,0.6,0.6,0.57,0.57,0.6
2006-12-21,hk00402,0.61,0.61,0.6,0.6,0.61
2006-12-20,hk00402,0.61,0.62,0.61,0.61,0.61
2006-12-19,hk00402,0.63,0.63,0.6,0.61,0.6
2006-12-18,hk00402,0.61,0.63,0.6,0.6,0.6
2006-12-15,hk00402,0.68,0.68,0.59,0.6,0.71
2006-12-14,hk00402,0.68,0.71,0.68,0.71,0.69
2006-12-13,hk00402,0.69,0.7,0.69,0.69,0.7
2006-12-12,hk00402,0.7,0.7,0.7,0.7,0.72
2006-12-11,hk00402,0.72,0.72,0.72,0.72,0.71
2006-12-08,hk00402,0.72,0.72,0.7,0.71,0.72
2006-12-07,hk00402,0.72,0.72,0.72,0.72,0.72
2006-12-06,hk00402,0.7,0.72,0.7,0.72,0.7
2006-12-05,hk00402,0.68,0.7,0.67,0.7,0.67
2006-12-04,hk00402,0.67,0.67,0.67,0.67,0.68
2006-12-01,hk00402,0.67,0.68,0.65,0.68,0.68
2006-11-30,hk00402,0.67,0.68,0.67,0.68,0.64
2006-11-29,hk00402,0.74,0.74,0.64,0.64,0.74
2006-11-28,hk00402,0.72,0.74,0.71,0.74,0.72
2006-11-27,hk00402,0.74,0.74,0.72,0.72,0.74
2006-11-24,hk00402,0.74,0.75,0.73,0.74,0.73
2006-11-23,hk00402,0.78,0.78,0.73,0.73,0.76
2006-11-22,hk00402,0.72,0.76,0.72,0.76,0.73
2006-11-21,hk00402,0.71,0.73,0.71,0.73,0.73
2006-11-20,hk00402,0.73,0.74,0.73,0.73,0.73
2006-11-17,hk00402,0.74,0.75,0.73,0.73,0.74
2006-11-16,hk00402,0.75,0.75,0.74,0.74,0.75
2006-11-15,hk00402,0.73,0.75,0.73,0.75,0.73
2006-11-14,hk00402,0.75,0.75,0.73,0.73,0.75
2006-11-13,hk00402,0.78,0.78,0.75,0.75,0.78
2006-11-10,hk00402,0.75,0.78,0.72,0.78,0.75
2006-11-09,hk00402,0.68,0.76,0.67,0.75,0.68
2006-11-08,hk00402,0.68,0.7,0.65,0.68,0.69
2006-11-07,hk00402,0.64,0.74,0.64,0.69,0.64
2006-11-06,hk00402,0.64,0.65,0.64,0.64,0.64
2006-11-03,hk00402,0.64,0.64,0.64,0.64,0.65
2006-11-02,hk00402,0.66,0.66,0.65,0.65,0.65
2006-11-01,hk00402,0.66,0.66,0.65,0.65,0.66
2006-10-31,hk00402,0.66,0.67,0.66,0.66,0.66
2006-10-27,hk00402,0.66,0.67,0.66,0.66,0.65
2006-10-26,hk00402,0.66,0.66,0.65,0.65,0.65
2006-10-25,hk00402,0.66,0.66,0.65,0.65,0.66
2006-10-24,hk00402,0.66,0.67,0.66,0.66,0.66
2006-10-23,hk00402,0.65,0.67,0.65,0.66,0.67
2006-10-20,hk00402,0.65,0.67,0.65,0.67,0.67
2006-10-19,hk00402,0.66,0.67,0.65,0.67,0.66
2006-10-18,hk00402,0.66,0.66,0.66,0.66,0.65
2006-10-17,hk00402,0.66,0.66,0.65,0.65,0.66
2006-10-16,hk00402,0.66,0.66,0.66,0.66,0.66
2006-10-13,hk00402,0.66,0.66,0.66,0.66,0.67
2006-10-12,hk00402,0.67,0.67,0.66,0.67,0.67
2006-10-11,hk00402,0.67,0.67,0.67,0.67,0.67
2006-10-10,hk00402,0.67,0.67,0.66,0.67,0.65
2006-10-09,hk00402,0.66,0.67,0.65,0.65,0.67
2006-10-06,hk00402,0.67,0.67,0.66,0.67,0.67
2006-10-05,hk00402,0.67,0.67,0.66,0.67,0.66
2006-10-04,hk00402,0.67,0.67,0.66,0.66,0.67
2006-10-03,hk00402,0.66,0.68,0.66,0.67,0.67
2006-09-29,hk00402,0.67,0.67,0.66,0.67,0.66
2006-09-28,hk00402,0.66,0.66,0.66,0.66,0.68
2006-09-27,hk00402,0.68,0.68,0.68,0.68,0.68
2006-09-26,hk00402,0.68,0.68,0.68,0.68,0.66
2006-09-25,hk00402,0.66,0.66,0.66,0.66,0.66
2006-09-22,hk00402,0.66,0.66,0.66,0.66,0.67
2006-09-21,hk00402,0.68,0.68,0.67,0.67,0.66
2006-09-20,hk00402,0.67,0.68,0.66,0.66,0.67
2006-09-19,hk00402,0.68,0.68,0.67,0.67,0.68
2006-09-18,hk00402,0.68,0.69,0.68,0.68,0.69
2006-09-15,hk00402,0.68,0.69,0.67,0.69,0.69
2006-09-14,hk00402,0.65,0.69,0.65,0.69,0.64
2006-09-13,hk00402,0.64,0.64,0.64,0.64,0.64
2006-09-12,hk00402,0.64,0.64,0.64,0.64,0.63
2006-09-11,hk00402,0.64,0.64,0.63,0.63,0.64
2006-09-08,hk00402,0.64,0.64,0.64,0.64,0.64
2006-09-07,hk00402,0.64,0.64,0.64,0.64,0.63
2006-09-06,hk00402,0.66,0.66,0.63,0.63,0.63
2006-09-05,hk00402,0.64,0.64,0.62,0.63,0.64
2006-09-04,hk00402,0.64,0.64,0.64,0.64,0.64
2006-09-01,hk00402,0.64,0.64,0.64,0.64,0.63
2006-08-31,hk00402,0.63,0.63,0.62,0.63,0.64
2006-08-30,hk00402,0.64,0.64,0.64,0.64,0.64
2006-08-29,hk00402,0.64,0.64,0.64,0.64,0.64
2006-08-28,hk00402,0.64,0.64,0.64,0.64,0.63
2006-08-25,hk00402,0.68,0.7,0.63,0.63,0.67
2006-08-24,hk00402,0.67,0.67,0.67,0.67,0.67
2006-08-23,hk00402,0.67,0.67,0.67,0.67,0.69
2006-08-22,hk00402,0.66,0.7,0.66,0.69,0.67
2006-08-17,hk00402,0.67,0.67,0.67,0.67,0.67
2006-08-16,hk00402,0.66,0.68,0.66,0.67,0.66
2006-08-15,hk00402,0.66,0.66,0.66,0.66,0.66
2006-08-14,hk00402,0.66,0.66,0.66,0.66,0.65
2006-08-10,hk00402,0.63,0.65,0.63,0.65,0.71
2006-08-09,hk00402,0.7,0.71,0.7,0.71,0.7
2006-08-08,hk00402,0.71,0.71,0.7,0.7,0.7
2006-08-07,hk00402,0.7,0.7,0.7,0.7,0.7
2006-08-04,hk00402,0.7,0.7,0.7,0.7,0.72
2006-08-03,hk00402,0.73,0.73,0.72,0.72,0.73
2006-08-02,hk00402,0.74,0.74,0.73,0.73,0.75
2006-08-01,hk00402,0.75,0.75,0.73,0.75,0.76
2006-07-31,hk00402,0.75,0.76,0.74,0.76,0.76
2006-07-28,hk00402,0.77,0.77,0.75,0.76,0.76
2006-07-27,hk00402,0.76,0.76,0.75,0.76,0.76
2006-07-26,hk00402,0.78,0.78,0.75,0.76,0.76
2006-07-25,hk00402,0.75,0.76,0.75,0.76,0.75
2006-07-24,hk00402,0.76,0.76,0.74,0.75,0.76
2006-07-21,hk00402,0.77,0.77,0.75,0.76,0.74
2006-07-20,hk00402,0.75,0.75,0.73,0.74,0.75
2006-07-19,hk00402,0.76,0.76,0.75,0.75,0.76
2006-07-18,hk00402,0.77,0.77,0.76,0.76,0.77
2006-07-17,hk00402,0.77,0.77,0.75,0.77,0.77
2006-07-14,hk00402,0.78,0.78,0.73,0.77,0.77
2006-07-13,hk00402,0.75,0.77,0.75,0.77,0.75
2006-07-12,hk00402,0.72,0.79,0.72,0.75,0.72
2006-07-11,hk00402,0.72,0.72,0.7,0.72,0.72
2006-07-10,hk00402,0.72,0.72,0.7,0.72,0.7
2006-07-07,hk00402,0.68,0.71,0.68,0.7,0.69
2006-07-06,hk00402,0.7,0.7,0.69,0.69,0.71
2006-07-05,hk00402,0.71,0.71,0.71,0.71,0.7
2006-07-04,hk00402,0.72,0.72,0.7,0.7,0.71
2006-07-03,hk00402,0.72,0.72,0.71,0.71,0.72
2006-06-30,hk00402,0.7,0.73,0.7,0.72,0.7
2006-06-29,hk00402,0.7,0.7,0.7,0.7,0.68
2006-06-28,hk00402,0.68,0.69,0.68,0.68,0.67
2006-06-27,hk00402,0.68,0.68,0.67,0.67,0.69
2006-06-26,hk00402,0.69,0.69,0.68,0.69,0.7
2006-06-23,hk00402,0.7,0.7,0.7,0.7,0.7
2006-06-22,hk00402,0.69,0.7,0.68,0.7,0.68
2006-06-21,hk00402,0.68,0.69,0.67,0.68,0.67
2006-06-20,hk00402,0.67,0.67,0.66,0.67,0.7
2006-06-19,hk00402,0.7,0.71,0.7,0.7,0.69
2006-06-16,hk00402,0.69,0.69,0.68,0.69,0.68
2006-06-15,hk00402,0.68,0.69,0.68,0.68,0.68
2006-06-14,hk00402,0.68,0.69,0.68,0.68,0.69
2006-06-12,hk00402,0.7,0.71,0.69,0.69,0.7
2006-06-09,hk00402,0.68,0.7,0.67,0.7,0.67
2006-06-08,hk00402,0.66,0.66,0.66,0.67,0.68
2006-06-07,hk00402,0.67,0.68,0.67,0.68,0.66
2006-06-06,hk00402,0.66,0.67,0.66,0.66,0.67
2006-06-05,hk00402,0.67,0.67,0.67,0.67,0.67
2006-06-02,hk00402,0.66,0.69,0.66,0.67,0.69
2006-06-01,hk00402,0.65,0.69,0.65,0.69,0.67
2006-05-30,hk00402,0.68,0.68,0.67,0.67,0.68
2006-05-29,hk00402,0.68,0.68,0.65,0.68,0.68
2006-05-26,hk00402,0.66,0.68,0.65,0.68,0.66
2006-05-25,hk00402,0.66,0.68,0.66,0.66,0.67
2006-05-24,hk00402,0.67,0.67,0.66,0.67,0.66
2006-05-23,hk00402,0.64,0.66,0.63,0.66,0.64
2006-05-22,hk00402,0.68,0.68,0.64,0.64,0.7
2006-05-19,hk00402,0.68,0.7,0.68,0.7,0.7
2006-05-18,hk00402,0.7,0.7,0.67,0.7,0.7
2006-05-17,hk00402,0.67,0.7,0.65,0.7,0.65
2006-05-16,hk00402,0.66,0.68,0.64,0.65,0.66
2006-05-15,hk00402,0.68,0.68,0.66,0.66,0.67
2006-05-12,hk00402,0.68,0.69,0.66,0.67,0.68
2006-05-11,hk00402,0.7,0.7,0.68,0.68,0.7
2006-05-10,hk00402,0.73,0.73,0.67,0.7,0.7
2006-05-09,hk00402,0.73,0.73,0.7,0.7,0.74
2006-05-08,hk00402,0.74,0.75,0.72,0.74,0.74
2006-05-04,hk00402,0.71,0.74,0.71,0.74,0.69
2006-05-03,hk00402,0.7,0.7,0.68,0.69,0.69
2006-05-02,hk00402,0.73,0.73,0.67,0.69,0.65
2006-04-28,hk00402,0.73,0.73,0.62,0.65,0.74
2006-04-27,hk00402,0.74,0.74,0.74,0.74,0.73
2006-04-26,hk00402,0.72,0.74,0.72,0.73,0.77
2006-04-25,hk00402,0.79,0.79,0.73,0.77,0.79
2006-04-24,hk00402,0.83,0.83,0.79,0.79,0.83
2006-04-21,hk00402,0.85,0.85,0.82,0.83,0.85
2006-04-20,hk00402,0.87,0.87,0.84,0.85,0.88
2006-04-19,hk00402,0.88,0.91,0.87,0.88,0.89
2006-04-18,hk00402,0.9,0.91,0.89,0.89,0.9
2006-04-13,hk00402,0.91,0.93,0.9,0.9,0.89
2006-04-12,hk00402,0.84,0.89,0.84,0.89,0.86
2006-04-11,hk00402,0.87,0.87,0.85,0.86,0.87
2006-04-10,hk00402,0.87,0.88,0.85,0.87,0.87
2006-04-07,hk00402,0.9,0.9,0.86,0.87,0.88
2006-04-06,hk00402,0.88,0.89,0.87,0.88,0.88
2006-04-04,hk00402,0.9,0.91,0.87,0.88,0.9
2006-04-03,hk00402,0.86,0.9,0.86,0.9,0.86
2006-03-31,hk00402,0.89,0.89,0.86,0.86,0.88
2006-03-30,hk00402,0.9,0.9,0.88,0.88,0.9
2006-03-29,hk00402,0.9,0.93,0.9,0.9,0.9
2006-03-28,hk00402,0.87,0.95,0.87,0.9,0.88
2006-03-27,hk00402,0.87,0.88,0.84,0.88,0.87
2006-03-24,hk00402,0.86,0.88,0.86,0.87,0.88
2006-03-23,hk00402,0.85,0.9,0.85,0.88,0.86
2006-03-22,hk00402,0.89,0.93,0.84,0.86,0.9
2006-03-21,hk00402,0.96,0.96,0.89,0.9,0.96
2006-03-20,hk00402,1.03,1.03,0.95,0.96,1.02
2006-03-17,hk00402,1.03,1.03,0.99,1.02,1.0
2006-03-16,hk00402,1.02,1.03,0.98,1.0,1.0
2006-03-15,hk00402,0.97,1.04,0.97,1.0,0.95
